50022068.61181798
O[1,1,0] 41
O[1,1,1] 986.514
O[1,1,7] 1
O[1,1,8] 355.694
O[1,1,14] 1
O[1,1,15] 581.355
O[1,1,21] 1
O[1,1,22] 898.089
O[1,1,30] 1
O[1,1,31] 776.018
O[1,1,42] 1
O[1,2,0] 39
O[1,2,1] 41
O[1,2,2] 927.363
O[1,2,8] 1
O[1,2,9] 355.694
O[1,2,15] 1
O[1,2,16] 515.816
O[1,2,22] 1
O[1,2,23] 825.683
O[1,2,31] 1
O[1,2,32] 708.791
O[1,3,0] 37
O[1,3,1] 39
O[1,3,2] 41
O[1,3,3] 861.467
O[1,3,9] 1
O[1,3,10] 355.694
O[1,3,16] 1
O[1,3,17] 448.47
O[1,3,23] 1
O[1,3,24] 753.033
O[1,3,32] 1
O[1,3,33] 640.622
O[1,4,0] 35
O[1,4,1] 37
O[1,4,2] 39
O[1,4,3] 41
O[1,4,4] 796
O[1,4,10] 1
O[1,4,11] 355.694
O[1,4,17] 1
O[1,4,18] 383.985
O[1,4,24] 1
O[1,4,25] 686.294
O[1,4,33] 1
O[1,4,34] 606.107
O[1,5,0] 33
O[1,5,1] 35
O[1,5,2] 37
O[1,5,3] 39
O[1,5,4] 41
O[1,5,5] 732.286
O[1,5,11] 1
O[1,5,12] 355.694
O[1,5,18] 1
O[1,5,19] 313.639
O[1,5,25] 1
O[1,5,26] 605.638
O[1,5,34] 1
O[1,5,35] 549.74
O[1,6,0] 31
O[1,6,1] 33
O[1,6,2] 35
O[1,6,3] 37
O[1,6,4] 39
O[1,6,5] 41
O[1,6,6] 666.121
O[1,6,12] 1
O[1,6,13] 355.694
O[1,6,19] 1
O[1,6,20] 252.284
O[1,6,26] 1
O[1,6,27] 543.203
O[1,6,35] 1
O[1,6,36] 482.763
O[1,7,0] 29
O[1,7,1] 31
O[1,7,2] 33
O[1,7,3] 35
O[1,7,4] 37
O[1,7,5] 39
O[1,7,6] 41
O[1,7,7] 600.463
O[1,7,13] 1
O[1,7,14] 355.694
O[1,7,20] 1
O[1,7,21] 252.284
O[1,7,27] 1
O[1,7,28] 474.075
O[1,7,36] 1
O[1,7,37] 417.951
O[1,8,0] 27
O[1,8,1] 29
O[1,8,2] 31
O[1,8,3] 33
O[1,8,4] 35
O[1,8,5] 37
O[1,8,6] 39
O[1,8,7] 41
O[1,8,8] 540.578
O[1,8,14] 1
O[1,8,15] 303.877
O[1,8,21] 1
O[1,8,22] 215.911
O[1,8,28] 1
O[1,8,29] 401.169
O[1,8,37] 1
O[1,8,38] 342.967
O[1,9,0] 25
O[1,9,1] 27
O[1,9,2] 29
O[1,9,3] 31
O[1,9,4] 33
O[1,9,5] 35
O[1,9,6] 37
O[1,9,7] 39
O[1,9,8] 41
O[1,9,9] 486.825
O[1,9,15] 1
O[1,9,16] 303.877
O[1,9,22] 1
O[1,9,23] 215.911
O[1,9,30] 328.31
O[1,9,38] 1
O[1,9,39] 271.812
O[1,10,0] 23
O[1,10,1] 25
O[1,10,2] 27
O[1,10,3] 29
O[1,10,4] 31
O[1,10,5] 33
O[1,10,6] 35
O[1,10,7] 37
O[1,10,8] 39
O[1,10,9] 41
O[1,10,10] 421.306
O[1,10,16] 1
O[1,10,17] 303.877
O[1,10,23] 1
O[1,10,24] 215.911
O[1,10,31] 248.741
O[1,10,40] 200.785
O[1,11,0] 21
O[1,11,1] 23
O[1,11,2] 25
O[1,11,3] 27
O[1,11,4] 29
O[1,11,5] 31
O[1,11,6] 33
O[1,11,7] 35
O[1,11,8] 37
O[1,11,9] 39
O[1,11,10] 41
O[1,11,11] 371.673
O[1,11,17] 1
O[1,11,18] 303.877
O[1,11,24] 1
O[1,11,25] 215.911
O[1,11,32] 248.741
O[1,11,41] 132.759
O[1,12,0] 19
O[1,12,1] 21
O[1,12,2] 23
O[1,12,3] 25
O[1,12,4] 27
O[1,12,5] 29
O[1,12,6] 31
O[1,12,7] 33
O[1,12,8] 35
O[1,12,9] 37
O[1,12,10] 39
O[1,12,11] 41
O[1,12,12] 298.474
O[1,12,18] 1
O[1,12,19] 303.877
O[1,12,25] 1
O[1,12,26] 215.911
O[1,12,33] 248.741
O[1,12,42] 71.0055
O[1,13,0] 17
O[1,13,1] 19
O[1,13,2] 21
O[1,13,3] 23
O[1,13,4] 25
O[1,13,5] 27
O[1,13,6] 29
O[1,13,7] 31
O[1,13,8] 33
O[1,13,9] 35
O[1,13,10] 37
O[1,13,11] 39
O[1,13,12] 41
O[1,13,13] 251.863
O[1,13,19] 1
O[1,13,20] 303.877
O[1,13,26] 1
O[1,13,27] 215.911
O[1,13,34] 214.977
O[1,14,0] 16
O[1,14,1] 17
O[1,14,2] 19
O[1,14,3] 21
O[1,14,4] 23
O[1,14,5] 25
O[1,14,6] 27
O[1,14,7] 29
O[1,14,8] 31
O[1,14,9] 33
O[1,14,10] 35
O[1,14,11] 25.0255
O[1,14,12] 39
O[1,14,13] 41
O[1,14,14] 195.937
O[1,14,20] 1
O[1,14,21] 241.165
O[1,14,27] 1
O[1,14,28] 215.911
O[1,14,35] 214.977
O[1,15,0] 14
O[1,15,1] 16
O[1,15,2] 17
O[1,15,3] 19
O[1,15,4] 21
O[1,15,5] 23
O[1,15,6] 25
O[1,15,7] 27
O[1,15,8] 29
O[1,15,9] 31
O[1,15,10] 33
O[1,15,11] 35
O[1,15,12] 25.0255
O[1,15,13] 39
O[1,15,14] 29.1118
O[1,15,15] 180.146
O[1,15,21] 1
O[1,15,22] 208.317
O[1,15,28] 1
O[1,15,29] 215.911
O[1,15,36] 214.977
O[1,16,0] 12
O[1,16,1] 14
O[1,16,2] 16
O[1,16,3] 12.1528
O[1,16,4] 5.70973
O[1,16,5] 21
O[1,16,6] 23
O[1,16,7] 2.38907
O[1,16,9] 2.00551
O[1,16,10] 24.1796
O[1,16,12] 4.04223
O[1,16,13] 0.917366
O[1,16,14] 28.3762
O[1,16,15] 29.1118
O[1,16,16] 148.715
O[1,16,23] 176.382
O[1,16,29] 1
O[1,16,30] 188.704
O[1,16,37] 182.227
O[1,17,0] 10
O[1,17,1] 12
O[1,17,2] 14
O[1,17,3] 16
O[1,17,4] 7.75266
O[1,17,7] 23
O[1,17,11] 23.6321
O[1,17,16] 29.1118
O[1,17,17] 118.753
O[1,17,24] 146.287
O[1,17,31] 161.308
O[1,17,38] 151.799
O[1,18,0] 8
O[1,18,1] 10
O[1,18,2] 12
O[1,18,3] 14
O[1,18,4] 16
O[1,18,5] 7.75266
O[1,18,8] 22.7509
O[1,18,12] 23.6321
O[1,18,17] 29.1118
O[1,18,18] 87.7486
O[1,18,25] 113.695
O[1,18,32] 127.472
O[1,18,39] 119.738
O[1,19,0] 6
O[1,19,1] 8
O[1,19,2] 10
O[1,19,3] 12
O[1,19,5] 5.19204
O[1,19,9] 22.7509
O[1,19,13] 23.6321
O[1,19,18] 29.1118
O[1,19,19] 59.1927
O[1,19,26] 86.5631
O[1,19,33] 96.1791
O[1,19,40] 96.1763
O[1,20,0] 4
O[1,20,1] 6
O[1,20,2] 8
O[1,20,4] 12
O[1,20,6] 5.19204
O[1,20,19] 29.1118
O[1,20,20] 59.1927
O[1,20,27] 56.2848
O[1,20,34] 64.6542
O[1,20,41] 62.4992
O[1,21,0] 2
O[1,21,1] 4
O[1,21,2] 6
O[1,21,21] 25.9535
O[1,21,28] 25.6635
O[1,21,35] 30.0625
O[1,21,42] 32.7129
O[2,1,0] 170
O[2,1,1] 111.247
O[2,1,2] 22.1157
O[2,1,3] 1
O[2,1,4] 291.541
O[2,1,5] 24.4268
O[2,1,6] 1
O[2,1,7] 270.771
O[2,1,8] 23.4712
O[2,1,9] 1
O[2,1,10] 297.609
O[2,1,11] 25.1791
O[2,1,12] 1
O[2,1,13] 296.494
O[2,1,14] 27.3771
O[2,1,15] 1
O[2,1,16] 286.842
O[2,1,17] 26.8671
O[2,1,18] 1
O[2,1,19] 290.251
O[2,1,20] 29.0193
O[2,1,21] 1
O[2,1,22] 279.848
O[2,1,23] 30.332
O[2,1,24] 1
O[2,1,25] 273.455
O[2,1,26] 1
O[2,1,27] 225.468
O[2,1,28] 1
O[2,1,29] 240.056
O[2,1,30] 22.0659
O[2,1,31] 1
O[2,1,32] 284.782
O[2,1,33] 1
O[2,1,34] 219.983
O[2,1,35] 21.6228
O[2,1,36] 1
O[2,1,37] 277.038
O[2,1,38] 30.8755
O[2,1,39] 1
O[2,1,40] 218.375
O[2,1,42] 1
O[2,2,0] 136
O[2,2,1] 170
O[2,2,2] 111.247
O[2,2,3] 22.1157
O[2,2,4] 1
O[2,2,5] 204.097
O[2,2,6] 24.4268
O[2,2,7] 1
O[2,2,8] 200.441
O[2,2,9] 23.4712
O[2,2,10] 1
O[2,2,11] 209.187
O[2,2,12] 25.1791
O[2,2,13] 1
O[2,2,14] 211.775
O[2,2,15] 27.3771
O[2,2,16] 1
O[2,2,17] 212.726
O[2,2,18] 26.8671
O[2,2,19] 1
O[2,2,20] 213.878
O[2,2,21] 29.0193
O[2,2,22] 1
O[2,2,23] 196.349
O[2,2,24] 30.332
O[2,2,25] 1
O[2,2,26] 194
O[2,2,28] 205.094
O[2,2,29] 1
O[2,2,30] 240.056
O[2,2,31] 22.0659
O[2,2,32] 1
O[2,2,33] 204.552
O[2,2,34] 1
O[2,2,35] 219.983
O[2,2,36] 21.6228
O[2,2,37] 1
O[2,2,38] 206.189
O[2,2,39] 30.8755
O[2,2,40] 1
O[2,2,41] 145.244
O[2,3,0] 102
O[2,3,1] 136
O[2,3,2] 135.124
O[2,3,3] 111.247
O[2,3,4] 22.1157
O[2,3,5] 1
O[2,3,6] 142.704
O[2,3,7] 24.4268
O[2,3,8] 1
O[2,3,9] 130.89
O[2,3,10] 23.4712
O[2,3,11] 1
O[2,3,12] 135.952
O[2,3,13] 25.1791
O[2,3,14] 1
O[2,3,15] 131.327
O[2,3,16] 27.3771
O[2,3,17] 1
O[2,3,18] 127.017
O[2,3,19] 26.8671
O[2,3,20] 1
O[2,3,21] 143.706
O[2,3,22] 29.0193
O[2,3,23] 1
O[2,3,24] 130.342
O[2,3,25] 30.332
O[2,3,26] 1
O[2,3,27] 121.1
O[2,3,29] 137.262
O[2,3,30] 1
O[2,3,31] 151.791
O[2,3,32] 22.0659
O[2,3,33] 1
O[2,3,34] 122.006
O[2,3,36] 139.717
O[2,3,37] 21.6228
O[2,3,38] 1
O[2,3,39] 130.116
O[2,3,40] 30.8755
O[2,3,41] 1
O[2,3,42] 78.5102
O[2,4,0] 68
O[2,4,1] 102
O[2,4,2] 94
O[2,4,3] 46.3798
O[2,4,4] 27.1248
O[2,4,5] 22.1157
O[2,4,6] 1
O[2,4,7] 57.358
O[2,4,8] 24.4268
O[2,4,9] 1
O[2,4,10] 53.9114
O[2,4,11] 23.4712
O[2,4,12] 1
O[2,4,13] 60.5175
O[2,4,14] 25.1791
O[2,4,15] 1
O[2,4,16] 53.9627
O[2,4,17] 27.3771
O[2,4,18] 1
O[2,4,19] 57.2283
O[2,4,20] 26.8671
O[2,4,21] 1
O[2,4,22] 56.7165
O[2,4,23] 29.0193
O[2,4,24] 1
O[2,4,25] 55.5647
O[2,4,26] 30.332
O[2,4,27] 1
O[2,4,28] 53.0162
O[2,4,30] 55.0953
O[2,4,31] 1
O[2,4,32] 59.1955
O[2,4,33] 22.0659
O[2,4,34] 1
O[2,4,35] 59.3884
O[2,4,37] 54.8398
O[2,4,38] 21.6228
O[2,4,39] 1
O[2,4,40] 56.5208
O[2,4,41] 30.8755
O[2,4,42] 1
O[2,5,0] 34
O[2,5,1] 68
O[2,5,2] 102
O[2,5,3] 94
O[2,5,4] 27.7757
O[2,5,5] 27.1248
O[2,5,6] 22.1157
O[2,5,8] 26.3612
O[2,5,9] 24.4268
O[2,5,11] 29.9519
O[2,5,12] 23.4712
O[2,5,14] 29.2549
O[2,5,15] 25.1791
O[2,5,17] 25.6611
O[2,5,18] 27.3771
O[2,5,20] 29.2397
O[2,5,21] 26.8671
O[2,5,23] 25.3195
O[2,5,24] 29.0193
O[2,5,26] 28.7211
O[2,5,27] 30.332
O[2,5,29] 29.1641
O[2,5,31] 26.2124
O[2,5,32] 1
O[2,5,33] 28.8511
O[2,5,34] 22.0659
O[2,5,36] 30.7119
O[2,5,38] 27.7909
O[2,5,39] 21.6228
O[2,5,41] 29.6104
O[2,5,42] 30.8755
O[3,1,0] 16
O[3,1,1] 103.827
O[3,1,2] 16.0805
O[3,1,3] 108.217
O[3,1,4] 15.2554
O[3,1,5] 105.391
O[3,1,6] 15.2073
O[3,1,7] 113.021
O[3,1,8] 15.402
O[3,1,9] 108.885
O[3,1,10] 14.4894
O[3,1,11] 108.77
O[3,1,12] 16.3688
O[3,1,13] 116.552
O[3,1,14] 17.5933
O[3,1,15] 109.543
O[3,1,16] 14.9832
O[3,1,17] 108.26
O[3,1,18] 14.7642
O[3,1,19] 113.134
O[3,1,20] 14.2602
O[3,1,21] 98.7198
O[3,1,22] 14.6606
O[3,1,23] 99.0757
O[3,1,24] 13.2817
O[3,1,25] 104.059
O[3,1,26] 15.0123
O[3,1,27] 105.398
O[3,1,28] 15.0619
O[3,1,29] 104.022
O[3,1,30] 16.3937
O[3,1,31] 106.222
O[3,1,32] 14.7451
O[3,1,33] 104.475
O[3,1,34] 11.8083
O[3,1,35] 110.511
O[3,1,36] 15.252
O[3,1,37] 101.614
O[3,1,38] 15.3484
O[3,1,39] 97.7374
O[3,1,40] 14.0901
O[3,1,41] 89.1192
O[3,1,42] 1
O[3,2,0] 11
O[3,2,1] 16
O[3,2,2] 60.6951
O[3,2,3] 16.0805
O[3,2,4] 59.1402
O[3,2,5] 15.2554
O[3,2,6] 59.772
O[3,2,7] 15.2073
O[3,2,8] 64.5846
O[3,2,9] 15.402
O[3,2,10] 59.6062
O[3,2,11] 14.4894
O[3,2,12] 63.1098
O[3,2,13] 16.3688
O[3,2,14] 70.2407
O[3,2,15] 17.5933
O[3,2,16] 62.9252
O[3,2,17] 14.9832
O[3,2,18] 61.0496
O[3,2,19] 14.7642
O[3,2,20] 67.3623
O[3,2,21] 14.2602
O[3,2,22] 56.3118
O[3,2,23] 14.6606
O[3,2,24] 57.0358
O[3,2,25] 13.2817
O[3,2,26] 60.0976
O[3,2,27] 15.0123
O[3,2,28] 62.0118
O[3,2,29] 15.0619
O[3,2,30] 61.7128
O[3,2,31] 16.3937
O[3,2,32] 66.7122
O[3,2,33] 14.7451
O[3,2,34] 62.4598
O[3,2,35] 11.8083
O[3,2,36] 62.25
O[3,2,37] 15.252
O[3,2,38] 54.7826
O[3,2,39] 15.3484
O[3,2,40] 59.9154
O[3,2,41] 14.0901
O[3,2,42] 43.9434
O[3,3,0] 5
O[3,3,1] 11
O[3,3,2] 16
O[3,3,3] 13.9681
O[3,3,4] 16.0805
O[3,3,5] 14.8265
O[3,3,6] 15.2554
O[3,3,7] 16.2871
O[3,3,8] 15.2073
O[3,3,9] 16.893
O[3,3,10] 15.402
O[3,3,11] 13.8604
O[3,3,12] 14.4894
O[3,3,13] 18.1424
O[3,3,14] 16.3688
O[3,3,15] 18.4191
O[3,3,16] 17.5933
O[3,3,17] 15.5531
O[3,3,18] 14.9832
O[3,3,19] 15.8716
O[3,3,20] 14.7642
O[3,3,21] 13.4796
O[3,3,22] 14.2602
O[3,3,23] 14.676
O[3,3,24] 14.6606
O[3,3,25] 15.2622
O[3,3,26] 13.2817
O[3,3,27] 14.8397
O[3,3,28] 15.0123
O[3,3,29] 16.104
O[3,3,30] 15.0619
O[3,3,31] 16.175
O[3,3,32] 16.3937
O[3,3,33] 16.7702
O[3,3,34] 14.7451
O[3,3,35] 14.0899
O[3,3,36] 11.8083
O[3,3,37] 15.0373
O[3,3,38] 15.252
O[3,3,39] 15.7091
O[3,3,40] 15.3484
O[3,3,41] 14.3367
O[3,3,42] 14.0901
O[4,1,0] 89
O[4,1,1] 76.1989
O[4,1,2] 19.55
O[4,1,3] 16.6923
O[4,1,4] 189.843
O[4,1,5] 17.9288
O[4,1,6] 14.907
O[4,1,7] 200.055
O[4,1,8] 16.1494
O[4,1,9] 121.479
O[4,1,10] 16.722
O[4,1,11] 18.9802
O[4,1,12] 194.484
O[4,1,13] 17.7527
O[4,1,14] 20.8017
O[4,1,15] 190.572
O[4,1,16] 22.5858
O[4,1,17] 18.8908
O[4,1,18] 193.731
O[4,1,19] 19.0939
O[4,1,20] 18.756
O[4,1,21] 183.203
O[4,1,22] 15.0882
O[4,1,23] 14.7649
O[4,1,24] 175.174
O[4,1,25] 17.915
O[4,1,26] 140.046
O[4,1,27] 19.0242
O[4,1,28] 15.2905
O[4,1,29] 183.584
O[4,1,30] 18.474
O[4,1,31] 16.7486
O[4,1,32] 182.112
O[4,1,33] 17.5073
O[4,1,34] 18.8826
O[4,1,35] 187.211
O[4,1,36] 15.8568
O[4,1,37] 15.0412
O[4,1,38] 180.465
O[4,1,39] 18.5866
O[4,1,40] 120.9
O[4,1,42] 1
O[4,2,0] 67
O[4,2,1] 89
O[4,2,2] 76.1989
O[4,2,3] 19.55
O[4,2,4] 16.6923
O[4,2,5] 140.758
O[4,2,6] 17.9288
O[4,2,7] 14.907
O[4,2,8] 133.477
O[4,2,9] 16.1494
O[4,2,10] 121.479
O[4,2,11] 16.722
O[4,2,12] 18.9802
O[4,2,13] 130.57
O[4,2,14] 17.7527
O[4,2,15] 20.8017
O[4,2,16] 135.644
O[4,2,17] 22.5858
O[4,2,18] 18.8908
O[4,2,19] 139.749
O[4,2,20] 19.0939
O[4,2,21] 18.756
O[4,2,22] 124.809
O[4,2,23] 15.0882
O[4,2,24] 14.7649
O[4,2,25] 125.722
O[4,2,26] 17.915
O[4,2,27] 140.046
O[4,2,28] 19.0242
O[4,2,29] 15.2905
O[4,2,30] 131.486
O[4,2,31] 18.474
O[4,2,32] 16.7486
O[4,2,33] 125.131
O[4,2,34] 17.5073
O[4,2,35] 18.8826
O[4,2,36] 132.956
O[4,2,37] 15.8568
O[4,2,38] 15.0412
O[4,2,39] 128.837
O[4,2,40] 18.5866
O[4,2,41] 120.9
O[4,3,0] 44
O[4,3,1] 67
O[4,3,2] 80.0828
O[4,3,3] 76.1989
O[4,3,4] 19.55
O[4,3,5] 16.6923
O[4,3,6] 83.4683
O[4,3,7] 17.9288
O[4,3,8] 14.907
O[4,3,9] 80.6214
O[4,3,10] 16.1494
O[4,3,11] 72.6472
O[4,3,12] 16.722
O[4,3,13] 18.9802
O[4,3,14] 72.9887
O[4,3,15] 17.7527
O[4,3,16] 20.8017
O[4,3,17] 76.5292
O[4,3,18] 22.5858
O[4,3,19] 18.8908
O[4,3,20] 72.863
O[4,3,21] 19.0939
O[4,3,22] 18.756
O[4,3,23] 70.7191
O[4,3,24] 15.0882
O[4,3,25] 14.7649
O[4,3,26] 69.4053
O[4,3,27] 17.915
O[4,3,28] 73.9032
O[4,3,29] 19.0242
O[4,3,30] 15.2905
O[4,3,31] 71.7746
O[4,3,32] 18.474
O[4,3,33] 16.7486
O[4,3,34] 71.702
O[4,3,35] 17.5073
O[4,3,36] 18.8826
O[4,3,37] 76.4051
O[4,3,38] 15.8568
O[4,3,39] 15.0412
O[4,3,40] 78.9541
O[4,3,41] 18.5866
O[4,3,42] 55.6974
O[4,4,0] 22
O[4,4,1] 44
O[4,4,2] 21.0829
O[4,4,3] 17.7713
O[4,4,4] 20.1253
O[4,4,5] 19.55
O[4,4,6] 16.6923
O[4,4,7] 20.6585
O[4,4,8] 17.9288
O[4,4,9] 14.907
O[4,4,10] 19.4779
O[4,4,11] 16.1494
O[4,4,12] 20.3194
O[4,4,13] 16.722
O[4,4,14] 18.9802
O[4,4,15] 17.8364
O[4,4,16] 17.7527
O[4,4,17] 20.8017
O[4,4,18] 17.0441
O[4,4,19] 22.5858
O[4,4,20] 18.8908
O[4,4,21] 17.1053
O[4,4,22] 19.0939
O[4,4,23] 18.756
O[4,4,24] 19.8096
O[4,4,25] 15.0882
O[4,4,26] 14.7649
O[4,4,27] 18.1819
O[4,4,28] 17.915
O[4,4,29] 18.6382
O[4,4,30] 19.0242
O[4,4,31] 15.2905
O[4,4,32] 15.5286
O[4,4,33] 18.474
O[4,4,34] 16.7486
O[4,4,35] 16.5699
O[4,4,36] 17.5073
O[4,4,37] 18.8826
O[4,4,38] 17.6031
O[4,4,39] 15.8568
O[4,4,40] 15.0412
O[4,4,41] 18.1484
O[4,4,42] 18.5866
O[5,1,0] 174
O[5,1,1] 57.8613
O[5,1,2] 53.0527
O[5,1,3] 52.3582
O[5,1,4] 52.5925
O[5,1,5] 54.3796
O[5,1,6] 47.7889
O[5,1,7] 54.7123
O[5,1,8] 52.6311
O[5,1,9] 60.5056
O[5,1,10] 61.5776
O[5,1,11] 48.7475
O[5,1,12] 51.369
O[5,1,13] 45.8411
O[5,1,14] 51.7009
O[5,1,15] 48.0085
O[5,1,16] 54.8471
O[5,1,17] 50.0039
O[5,1,18] 47.4525
O[5,1,19] 50.3306
O[5,1,20] 52.5713
O[5,1,21] 58.8583
O[5,1,22] 53.516
O[5,1,23] 57.0925
O[5,1,24] 58.4943
O[5,1,25] 40.5338
O[5,1,26] 55.8523
O[5,1,27] 58.351
O[5,1,28] 55.9382
O[5,1,29] 57.2827
O[5,1,30] 50.1967
O[5,1,31] 55.8718
O[5,1,32] 53.6894
O[5,1,33] 56.595
O[5,1,34] 63.2234
O[5,1,35] 59.5127
O[5,1,36] 51.773
O[5,1,37] 50.8587
O[5,1,38] 56.147
O[5,1,39] 47.6126
O[5,1,40] 52.4361
O[5,1,41] 51.4079
O[5,1,42] 43.5897
O[5,2,0] 87
O[5,2,1] 174
O[5,2,2] 16.3011
O[5,2,3] 11.3675
O[5,2,4] 16.0857
O[5,2,5] 13.5963
O[5,2,6] 13.5205
O[5,2,7] 13.1018
O[5,2,8] 16.6998
O[5,2,9] 12.9964
O[5,2,10] 18.1096
O[5,2,11] 15.2944
O[5,2,12] 14.1284
O[5,2,13] 13.9813
O[5,2,14] 13.7975
O[5,2,15] 14.7261
O[5,2,16] 12.7555
O[5,2,17] 14.2365
O[5,2,18] 13.1492
O[5,2,19] 15.9039
O[5,2,20] 15.257
O[5,2,21] 13.4777
O[5,2,22] 13.9399
O[5,2,23] 15.2959
O[5,2,24] 16.0339
O[5,2,25] 13.9261
O[5,2,26] 12.311
O[5,2,27] 12.3069
O[5,2,28] 15.4992
O[5,2,29] 16.6497
O[5,2,30] 15.3441
O[5,2,31] 14.156
O[5,2,32] 17.9726
O[5,2,33] 13.5582
O[5,2,34] 17.2342
O[5,2,35] 16.0379
O[5,2,36] 16.3166
O[5,2,37] 14.8812
O[5,2,38] 14.9013
O[5,2,39] 15.8515
O[5,2,40] 14.3067
O[5,2,41] 14.677
O[5,2,42] 13.174
O[6,1,0] 22
O[6,1,1] 450.891
O[6,1,5] 1
O[6,1,6] 516.054
O[6,1,7] 17.2106
O[6,1,8] 1.45519e-11
O[6,1,13] 1
O[6,1,14] 638.657
O[6,1,15] 1.45519e-11
O[6,1,19] 1
O[6,1,20] 560.626
O[6,1,21] 20.6549
O[6,1,22] 22.3457
O[6,1,31] 1
O[6,1,32] 489.284
O[6,1,42] 1
O[6,2,0] 21
O[6,2,1] 22
O[6,2,2] 409.143
O[6,2,6] 1
O[6,2,7] 463.045
O[6,2,8] 17.2106
O[6,2,9] 1.45519e-11
O[6,2,14] 1
O[6,2,15] 638.657
O[6,2,16] 1.45519e-11
O[6,2,20] 1
O[6,2,21] 508.442
O[6,2,22] 20.6549
O[6,2,23] 22.3457
O[6,2,32] 1
O[6,2,33] 444.04
O[6,3,0] 20
O[6,3,1] 21
O[6,3,2] 22
O[6,3,3] 362.697
O[6,3,7] 1
O[6,3,8] 407.184
O[6,3,9] 17.2106
O[6,3,10] 1.45519e-11
O[6,3,15] 1
O[6,3,16] 583.152
O[6,3,17] 1.45519e-11
O[6,3,21] 1
O[6,3,22] 508.442
O[6,3,23] 20.6549
O[6,3,24] 22.3457
O[6,3,33] 1
O[6,3,34] 444.04
O[6,4,0] 19
O[6,4,1] 20
O[6,4,2] 21
O[6,4,3] 22
O[6,4,4] 310.646
O[6,4,8] 1
O[6,4,9] 355.127
O[6,4,10] 17.2106
O[6,4,11] 1.45519e-11
O[6,4,16] 1
O[6,4,17] 532.35
O[6,4,18] 1.45519e-11
O[6,4,23] 508.442
O[6,4,24] 20.6549
O[6,4,25] 22.3457
O[6,4,34] 1
O[6,4,35] 397.153
O[6,5,0] 17
O[6,5,1] 19
O[6,5,2] 20
O[6,5,3] 21
O[6,5,4] 22
O[6,5,5] 256.865
O[6,5,9] 1
O[6,5,10] 306.097
O[6,5,11] 17.2106
O[6,5,12] 1.45519e-11
O[6,5,17] 1
O[6,5,18] 470.426
O[6,5,19] 1.45519e-11
O[6,5,24] 508.442
O[6,5,25] 20.6549
O[6,5,26] 22.3457
O[6,5,35] 1
O[6,5,36] 341.523
O[6,6,0] 16
O[6,6,1] 17
O[6,6,2] 19
O[6,6,3] 20
O[6,6,4] 21
O[6,6,5] 22
O[6,6,6] 198.714
O[6,6,10] 1
O[6,6,11] 256.706
O[6,6,12] 17.2106
O[6,6,13] 1.45519e-11
O[6,6,18] 1
O[6,6,19] 418.934
O[6,6,20] 1.45519e-11
O[6,6,25] 454.408
O[6,6,26] 20.6549
O[6,6,27] 22.3457
O[6,6,36] 1
O[6,6,37] 291.555
O[6,7,0] 15
O[6,7,1] 16
O[6,7,2] 17
O[6,7,3] 19
O[6,7,4] 20
O[6,7,5] 21
O[6,7,6] 17.178
O[6,7,7] 198.714
O[6,7,11] 1
O[6,7,12] 211.122
O[6,7,13] 17.2106
O[6,7,14] 1.45519e-11
O[6,7,19] 1
O[6,7,20] 368.012
O[6,7,21] 1.45519e-11
O[6,7,26] 454.408
O[6,7,27] 20.6549
O[6,7,28] 22.3457
O[6,7,38] 244.676
O[6,8,0] 14
O[6,8,1] 15
O[6,8,2] 16
O[6,8,3] 17
O[6,8,4] 19
O[6,8,5] 20
O[6,8,6] 21
O[6,8,7] 17.178
O[6,8,8] 198.714
O[6,8,12] 1
O[6,8,13] 211.122
O[6,8,14] 17.2106
O[6,8,15] 1.45519e-11
O[6,8,20] 1
O[6,8,21] 368.012
O[6,8,22] 1.45519e-11
O[6,8,27] 454.408
O[6,8,28] 20.6549
O[6,8,29] 22.3457
O[6,8,39] 204.628
O[6,9,0] 13
O[6,9,1] 14
O[6,9,2] 15
O[6,9,3] 16
O[6,9,4] 17
O[6,9,5] 19
O[6,9,6] 20
O[6,9,7] 21
O[6,9,8] 17.178
O[6,9,9] 198.714
O[6,9,13] 1
O[6,9,14] 158.323
O[6,9,15] 17.2106
O[6,9,16] 1.45519e-11
O[6,9,21] 1
O[6,9,22] 319.679
O[6,9,23] 1.45519e-11
O[6,9,28] 402.784
O[6,9,29] 20.6549
O[6,9,30] 22.3457
O[6,9,40] 149.039
O[6,10,0] 12
O[6,10,1] 13
O[6,10,2] 14
O[6,10,3] 15
O[6,10,4] 16
O[6,10,5] 17
O[6,10,6] 19
O[6,10,7] 20
O[6,10,8] 21
O[6,10,9] 17.178
O[6,10,10] 198.714
O[6,10,14] 1
O[6,10,15] 106.116
O[6,10,16] 17.2106
O[6,10,17] 1.45519e-11
O[6,10,22] 1
O[6,10,23] 272.452
O[6,10,24] 1.45519e-11
O[6,10,29] 347.657
O[6,10,30] 20.6549
O[6,10,31] 22.3457
O[6,10,41] 97.6441
O[6,11,0] 11
O[6,11,1] 12
O[6,11,2] 13
O[6,11,3] 14
O[6,11,4] 15
O[6,11,5] 16
O[6,11,6] 17
O[6,11,7] 19
O[6,11,8] 20
O[6,11,9] 21
O[6,11,10] 17.178
O[6,11,11] 198.714
O[6,11,15] 1
O[6,11,16] 106.116
O[6,11,17] 17.2106
O[6,11,18] 1.45519e-11
O[6,11,23] 1
O[6,11,24] 223.232
O[6,11,25] 1.45519e-11
O[6,11,30] 291.032
O[6,11,31] 20.6549
O[6,11,32] 22.3457
O[6,11,42] 56.0684
O[6,12,0] 10
O[6,12,1] 11
O[6,12,2] 12
O[6,12,3] 13
O[6,12,4] 14
O[6,12,5] 15
O[6,12,6] 16
O[6,12,7] 17
O[6,12,8] 19
O[6,12,9] 20
O[6,12,10] 21
O[6,12,11] 17.178
O[6,12,12] 198.714
O[6,12,16] 1
O[6,12,17] 106.116
O[6,12,18] 17.2106
O[6,12,19] 1.45519e-11
O[6,12,24] 1
O[6,12,25] 223.232
O[6,12,26] 1.45519e-11
O[6,12,31] 240.133
O[6,12,32] 20.6549
O[6,12,33] 22.3457
O[6,13,0] 9
O[6,13,1] 10
O[6,13,2] 11
O[6,13,3] 12
O[6,13,4] 13
O[6,13,5] 14
O[6,13,6] 15
O[6,13,7] 16
O[6,13,8] 17
O[6,13,9] 19
O[6,13,10] 20
O[6,13,11] 21
O[6,13,12] 17.178
O[6,13,13] 144.441
O[6,13,17] 1
O[6,13,18] 106.116
O[6,13,19] 17.2106
O[6,13,20] 1.45519e-11
O[6,13,25] 1
O[6,13,26] 167.828
O[6,13,27] 1.45519e-11
O[6,13,32] 190.519
O[6,13,33] 20.6549
O[6,13,34] 22.3457
O[6,14,0] 8
O[6,14,1] 9
O[6,14,2] 10
O[6,14,3] 11
O[6,14,4] 12
O[6,14,5] 13
O[6,14,6] 14
O[6,14,7] 15
O[6,14,8] 16
O[6,14,9] 17
O[6,14,10] 19
O[6,14,11] 20
O[6,14,12] 21
O[6,14,13] 17.178
O[6,14,14] 144.441
O[6,14,18] 1
O[6,14,19] 106.116
O[6,14,20] 17.2106
O[6,14,21] 1.45519e-11
O[6,14,26] 1
O[6,14,27] 131.352
O[6,14,28] 1.45519e-11
O[6,14,33] 190.519
O[6,14,34] 20.6549
O[6,14,35] 22.3457
O[6,15,0] 7
O[6,15,1] 8
O[6,15,2] 9
O[6,15,3] 10
O[6,15,4] 11
O[6,15,5] 12
O[6,15,6] 13
O[6,15,7] 14
O[6,15,8] 15
O[6,15,9] 16
O[6,15,10] 17
O[6,15,11] 19
O[6,15,12] 20
O[6,15,13] 21
O[6,15,14] 17.178
O[6,15,15] 144.441
O[6,15,19] 1
O[6,15,20] 106.116
O[6,15,21] 17.2106
O[6,15,22] 1.45519e-11
O[6,15,27] 1
O[6,15,28] 131.352
O[6,15,29] 1.45519e-11
O[6,15,34] 136.066
O[6,15,35] 20.6549
O[6,15,36] 22.3457
O[6,16,0] 6
O[6,16,1] 7
O[6,16,2] 8
O[6,16,3] 4.688
O[6,16,4] 8.0765
O[6,16,9] 0.996472
O[6,16,13] 2.28728
O[6,16,14] 4.35821
O[6,16,16] 125.339
O[6,16,20] 1
O[6,16,21] 106.116
O[6,16,22] 17.2106
O[6,16,23] 1.45519e-11
O[6,16,29] 108.679
O[6,16,30] 1.45519e-11
O[6,16,35] 115.74
O[6,16,36] 20.6549
O[6,16,37] 22.3457
O[6,17,0] 5
O[6,17,1] 6
O[6,17,2] 7
O[6,17,5] 8.0765
O[6,17,17] 103.661
O[6,17,21] 1
O[6,17,22] 106.116
O[6,17,23] 17.2106
O[6,17,24] 1.45519e-11
O[6,17,30] 89.257
O[6,17,36] 94.7285
O[6,17,37] 20.6549
O[6,17,38] 22.3457
O[6,18,0] 4
O[6,18,1] 5
O[6,18,2] 6
O[6,18,6] 8.0765
O[6,18,18] 84.2534
O[6,18,23] 84.7628
O[6,18,24] 17.2106
O[6,18,25] 1.45519e-11
O[6,18,31] 67.6819
O[6,18,37] 78.2157
O[6,18,38] 20.6549
O[6,18,39] 22.3457
O[6,19,0] 3
O[6,19,1] 4
O[6,19,2] 5
O[6,19,3] 6
O[6,19,7] 5.08403
O[6,19,19] 61.2072
O[6,19,24] 61.745
O[6,19,25] 17.2106
O[6,19,26] 1.45519e-11
O[6,19,32] 46.2644
O[6,19,38] 59.3668
O[6,19,39] 20.6549
O[6,19,40] 22.3457
O[6,20,0] 2
O[6,20,1] 3
O[6,20,2] 4
O[6,20,3] 5
O[6,20,4] 6
O[6,20,8] 2.96372
O[6,20,20] 42.3412
O[6,20,25] 42.3997
O[6,20,26] 17.2106
O[6,20,27] 1.45519e-11
O[6,20,33] 23.0354
O[6,20,39] 34.9213
O[6,20,40] 20.6549
O[6,20,41] 22.3457
O[6,21,0] 1
O[6,21,1] 2
O[6,21,2] 3
O[6,21,3] 4
O[6,21,4] 0.410707
O[6,21,5] 5.77408
O[6,21,21] 18.6486
O[6,21,26] 20.8918
O[6,21,27] 17.2106
O[6,21,40] 14.7917
O[6,21,41] 20.6549
O[6,21,42] 22.3457
O[7,1,0] 18
O[7,1,1] 303.308
O[7,1,2] 9.72312
O[7,1,3] 11.4146
O[7,1,4] 9.35686
O[7,1,5] 8.17333
O[7,1,11] 1
O[7,1,12] 431.391
O[7,1,13] 10.223
O[7,1,14] 9.83093
O[7,1,15] 8.27415
O[7,1,16] 11.8909
O[7,1,17] 9.74509
O[7,1,23] 1
O[7,1,24] 164.793
O[7,1,26] 1
O[7,1,27] 283.658
O[7,1,28] 24.7664
O[7,1,29] 19.8888
O[7,1,42] 1
O[7,2,0] 17
O[7,2,1] 18
O[7,2,2] 280.777
O[7,2,3] 9.72312
O[7,2,4] 11.4146
O[7,2,5] 9.35686
O[7,2,6] 8.17333
O[7,2,12] 1
O[7,2,13] 407.26
O[7,2,14] 10.223
O[7,2,15] 9.83093
O[7,2,16] 8.27415
O[7,2,17] 11.8909
O[7,2,18] 9.74509
O[7,2,24] 1
O[7,2,25] 164.793
O[7,2,27] 1
O[7,2,28] 253.279
O[7,2,29] 24.7664
O[7,2,30] 19.8888
O[7,3,0] 16
O[7,3,1] 17
O[7,3,2] 18
O[7,3,3] 254.773
O[7,3,4] 9.72312
O[7,3,5] 11.4146
O[7,3,6] 9.35686
O[7,3,7] 8.17333
O[7,3,13] 1
O[7,3,14] 385.354
O[7,3,15] 10.223
O[7,3,16] 9.83093
O[7,3,17] 8.27415
O[7,3,18] 11.8909
O[7,3,19] 9.74509
O[7,3,25] 1
O[7,3,26] 164.793
O[7,3,28] 1
O[7,3,29] 253.279
O[7,3,30] 24.7664
O[7,3,31] 19.8888
O[7,4,0] 15
O[7,4,1] 16
O[7,4,2] 17
O[7,4,3] 18
O[7,4,4] 228.784
O[7,4,5] 9.72312
O[7,4,6] 11.4146
O[7,4,7] 9.35686
O[7,4,8] 8.17333
O[7,4,14] 1
O[7,4,15] 359.816
O[7,4,16] 10.223
O[7,4,17] 9.83093
O[7,4,18] 8.27415
O[7,4,19] 11.8909
O[7,4,20] 9.74509
O[7,4,26] 1
O[7,4,27] 136.7
O[7,4,29] 1
O[7,4,30] 253.279
O[7,4,31] 24.7664
O[7,4,32] 19.8888
O[7,5,0] 14
O[7,5,1] 15
O[7,5,2] 16
O[7,5,3] 17
O[7,5,4] 18
O[7,5,5] 203.818
O[7,5,6] 9.72312
O[7,5,7] 11.4146
O[7,5,8] 9.35686
O[7,5,9] 8.17333
O[7,5,15] 1
O[7,5,16] 333.78
O[7,5,17] 10.223
O[7,5,18] 9.83093
O[7,5,19] 8.27415
O[7,5,20] 11.8909
O[7,5,21] 9.74509
O[7,5,27] 1
O[7,5,28] 136.7
O[7,5,30] 1
O[7,5,31] 253.279
O[7,5,32] 24.7664
O[7,5,33] 19.8888
O[7,6,0] 13
O[7,6,1] 14
O[7,6,2] 15
O[7,6,3] 16
O[7,6,4] 17
O[7,6,5] 18
O[7,6,6] 180.446
O[7,6,7] 9.72312
O[7,6,8] 11.4146
O[7,6,9] 9.35686
O[7,6,10] 8.17333
O[7,6,16] 1
O[7,6,17] 308.631
O[7,6,18] 10.223
O[7,6,19] 9.83093
O[7,6,20] 8.27415
O[7,6,21] 11.8909
O[7,6,22] 9.74509
O[7,6,28] 1
O[7,6,29] 112.758
O[7,6,31] 1
O[7,6,32] 230.957
O[7,6,33] 24.7664
O[7,6,34] 19.8888
O[7,7,0] 13
O[7,7,1] 13
O[7,7,2] 14
O[7,7,3] 15
O[7,7,4] 16
O[7,7,5] 17
O[7,7,6] 18
O[7,7,7] 155.349
O[7,7,8] 9.72312
O[7,7,9] 11.4146
O[7,7,10] 9.35686
O[7,7,11] 8.17333
O[7,7,17] 1
O[7,7,18] 282.57
O[7,7,19] 10.223
O[7,7,20] 9.83093
O[7,7,21] 8.27415
O[7,7,22] 11.8909
O[7,7,23] 9.74509
O[7,7,29] 1
O[7,7,30] 88.8499
O[7,7,32] 1
O[7,7,33] 207.831
O[7,7,34] 24.7664
O[7,7,35] 19.8888
O[7,8,0] 12
O[7,8,1] 13
O[7,8,2] 13
O[7,8,3] 14
O[7,8,4] 15
O[7,8,5] 16
O[7,8,6] 17
O[7,8,7] 18
O[7,8,8] 126.547
O[7,8,9] 9.72312
O[7,8,10] 11.4146
O[7,8,11] 9.35686
O[7,8,12] 8.17333
O[7,8,18] 1
O[7,8,19] 256.583
O[7,8,20] 10.223
O[7,8,21] 9.83093
O[7,8,22] 8.27415
O[7,8,23] 11.8909
O[7,8,24] 9.74509
O[7,8,30] 1
O[7,8,31] 61.2573
O[7,8,33] 1
O[7,8,34] 183.877
O[7,8,35] 24.7664
O[7,8,36] 19.8888
O[7,9,0] 11
O[7,9,1] 12
O[7,9,2] 13
O[7,9,3] 13
O[7,9,4] 14
O[7,9,5] 15
O[7,9,6] 16
O[7,9,7] 17
O[7,9,8] 18
O[7,9,9] 99.1785
O[7,9,10] 9.72312
O[7,9,11] 11.4146
O[7,9,12] 9.35686
O[7,9,13] 8.17333
O[7,9,19] 1
O[7,9,20] 231.886
O[7,9,21] 10.223
O[7,9,22] 9.83093
O[7,9,23] 8.27415
O[7,9,24] 11.8909
O[7,9,25] 9.74509
O[7,9,31] 1
O[7,9,32] 61.2573
O[7,9,34] 1
O[7,9,35] 155.715
O[7,9,36] 24.7664
O[7,9,37] 19.8888
O[7,10,0] 10
O[7,10,1] 11
O[7,10,2] 12
O[7,10,3] 13
O[7,10,4] 13
O[7,10,5] 14
O[7,10,6] 15
O[7,10,7] 16
O[7,10,8] 17
O[7,10,9] 18
O[7,10,10] 82.7613
O[7,10,11] 9.72312
O[7,10,12] 11.4146
O[7,10,13] 9.35686
O[7,10,14] 8.17333
O[7,10,20] 1
O[7,10,21] 204.507
O[7,10,22] 10.223
O[7,10,23] 9.83093
O[7,10,24] 8.27415
O[7,10,25] 11.8909
O[7,10,26] 9.74509
O[7,10,32] 1
O[7,10,33] 61.2573
O[7,10,35] 1
O[7,10,36] 131.177
O[7,10,37] 24.7664
O[7,10,38] 19.8888
O[7,11,0] 9
O[7,11,1] 10
O[7,11,2] 11
O[7,11,3] 12
O[7,11,4] 13
O[7,11,5] 13
O[7,11,6] 14
O[7,11,7] 15
O[7,11,8] 16
O[7,11,9] 17
O[7,11,10] 10.8723
O[7,11,11] 57.5574
O[7,11,12] 9.72312
O[7,11,13] 11.4146
O[7,11,14] 9.35686
O[7,11,15] 8.17333
O[7,11,21] 1
O[7,11,22] 182.565
O[7,11,23] 10.223
O[7,11,24] 9.83093
O[7,11,25] 8.27415
O[7,11,26] 11.8909
O[7,11,27] 9.74509
O[7,11,33] 1
O[7,11,34] 61.2573
O[7,11,37] 131.177
O[7,11,38] 24.7664
O[7,11,39] 19.8888
O[7,12,0] 8
O[7,12,1] 9
O[7,12,2] 10
O[7,12,3] 11
O[7,12,4] 12
O[7,12,5] 13
O[7,12,6] 13
O[7,12,7] 14
O[7,12,8] 15
O[7,12,9] 16
O[7,12,10] 17
O[7,12,11] 10.8723
O[7,12,12] 39.1733
O[7,12,13] 9.72312
O[7,12,14] 11.4146
O[7,12,15] 9.35686
O[7,12,16] 8.17333
O[7,12,22] 1
O[7,12,23] 156.115
O[7,12,24] 10.223
O[7,12,25] 9.83093
O[7,12,26] 8.27415
O[7,12,27] 11.8909
O[7,12,28] 9.74509
O[7,12,34] 1
O[7,12,35] 61.2573
O[7,12,38] 103.291
O[7,12,39] 24.7664
O[7,12,40] 19.8888
O[7,13,0] 8
O[7,13,1] 8
O[7,13,2] 9
O[7,13,3] 10
O[7,13,4] 11
O[7,13,5] 12
O[7,13,6] 13
O[7,13,7] 13
O[7,13,8] 14
O[7,13,9] 15
O[7,13,10] 16
O[7,13,11] 17
O[7,13,12] 10.8723
O[7,13,13] 39.1733
O[7,13,14] 9.72312
O[7,13,15] 11.4146
O[7,13,16] 9.35686
O[7,13,17] 8.17333
O[7,13,23] 1
O[7,13,24] 129.732
O[7,13,25] 10.223
O[7,13,26] 9.83093
O[7,13,27] 8.27415
O[7,13,28] 11.8909
O[7,13,29] 9.74509
O[7,13,35] 1
O[7,13,36] 61.2573
O[7,13,39] 69.1997
O[7,13,40] 24.7664
O[7,13,41] 19.8888
O[7,14,0] 7
O[7,14,1] 8
O[7,14,2] 8
O[7,14,3] 9
O[7,14,4] 10
O[7,14,5] 11
O[7,14,6] 12
O[7,14,7] 13
O[7,14,8] 13
O[7,14,9] 14
O[7,14,10] 15
O[7,14,11] 16
O[7,14,12] 12.6161
O[7,14,13] 10.8723
O[7,14,14] 39.1733
O[7,14,15] 9.72312
O[7,14,16] 11.4146
O[7,14,17] 9.35686
O[7,14,18] 8.17333
O[7,14,24] 1
O[7,14,25] 98.6512
O[7,14,26] 10.223
O[7,14,27] 9.83093
O[7,14,28] 8.27415
O[7,14,29] 11.8909
O[7,14,30] 9.74509
O[7,14,36] 1
O[7,14,37] 33.4161
O[7,14,40] 45.6481
O[7,14,41] 24.7664
O[7,14,42] 19.8888
O[7,15,0] 6
O[7,15,1] 7
O[7,15,2] 8
O[7,15,3] 5.43856
O[7,15,4] 9
O[7,15,5] 10
O[7,15,6] 6.36163
O[7,15,7] 12
O[7,15,8] 13
O[7,15,9] 13
O[7,15,10] 14
O[7,15,11] 15
O[7,15,12] 11.7883
O[7,15,13] 12.6161
O[7,15,14] 10.8723
O[7,15,15] 39.1733
O[7,15,16] 9.72312
O[7,15,17] 11.4146
O[7,15,18] 9.35686
O[7,15,19] 8.17333
O[7,15,25] 1
O[7,15,26] 73.0295
O[7,15,27] 10.223
O[7,15,28] 9.83093
O[7,15,29] 8.27415
O[7,15,30] 11.8909
O[7,15,31] 9.74509
O[7,15,37] 1
O[7,15,38] 33.4161
O[7,15,41] 23.0199
O[7,16,0] 5
O[7,16,1] 6
O[7,16,2] 7
O[7,16,3] 8
O[7,16,4] 0.460471
O[7,16,5] 9
O[7,16,6] 10
O[7,16,7] 6.36163
O[7,16,8] 8.99769
O[7,16,9] 13
O[7,16,10] 13
O[7,16,11] 14
O[7,16,12] 7.17943
O[7,16,14] 12.6161
O[7,16,15] 10.8723
O[7,16,16] 39.1733
O[7,16,17] 9.72312
O[7,16,18] 11.4146
O[7,16,19] 9.35686
O[7,16,20] 8.17333
O[7,16,27] 61.8548
O[7,16,28] 10.223
O[7,16,29] 9.83093
O[7,16,30] 8.27415
O[7,16,31] 11.8909
O[7,16,32] 9.74509
O[7,16,39] 23.3739
O[7,16,42] 10.852
O[7,17,0] 4
O[7,17,1] 5
O[7,17,2] 6
O[7,17,3] 7
O[7,17,4] 8
O[7,17,6] 4.47742
O[7,17,7] 10
O[7,17,9] 8.99769
O[7,17,10] 13
O[7,17,11] 13
O[7,17,12] 14
O[7,17,13] 7.17943
O[7,17,15] 10.4377
O[7,17,16] 10.8723
O[7,17,17] 32.8178
O[7,17,18] 9.72312
O[7,17,19] 11.4146
O[7,17,20] 9.35686
O[7,17,21] 8.17333
O[7,17,28] 51.548
O[7,17,29] 10.223
O[7,17,30] 9.83093
O[7,17,31] 8.27415
O[7,17,32] 11.8909
O[7,17,33] 9.74509
O[7,17,40] 11.8834
O[7,18,0] 3
O[7,18,1] 4
O[7,18,2] 5
O[7,18,3] 6
O[7,18,4] 7
O[7,18,7] 0.875398
O[7,18,8] 10
O[7,18,11] 1.93702
O[7,18,12] 13
O[7,18,13] 14
O[7,18,16] 10.4377
O[7,18,17] 10.8723
O[7,18,18] 32.8178
O[7,18,19] 9.72312
O[7,18,20] 11.4146
O[7,18,21] 9.35686
O[7,18,22] 8.17333
O[7,18,29] 41.5708
O[7,18,30] 10.223
O[7,18,31] 9.83093
O[7,18,32] 8.27415
O[7,18,33] 11.8909
O[7,18,34] 9.74509
O[7,19,0] 3
O[7,19,1] 3
O[7,19,2] 4
O[7,19,3] 0.146278
O[7,19,4] 6
O[7,19,5] 7
O[7,19,8] 0.875398
O[7,19,9] 1.48167
O[7,19,13] 13
O[7,19,14] 14
O[7,19,17] 10.4377
O[7,19,18] 10.8723
O[7,19,19] 23.0673
O[7,19,20] 9.72312
O[7,19,21] 11.4146
O[7,19,22] 9.35686
O[7,19,23] 8.17333
O[7,19,30] 30.9183
O[7,19,31] 10.223
O[7,19,32] 9.83093
O[7,19,33] 8.27415
O[7,19,34] 11.8909
O[7,19,35] 9.74509
O[7,20,0] 2
O[7,20,1] 3
O[7,20,2] 3
O[7,20,3] 4
O[7,20,4] 0.146278
O[7,20,5] 6
O[7,20,14] 8.16894
O[7,20,15] 14
O[7,20,19] 10.8723
O[7,20,20] 12.7419
O[7,20,21] 9.72312
O[7,20,22] 11.4146
O[7,20,23] 9.35686
O[7,20,24] 8.17333
O[7,20,31] 20.3176
O[7,20,32] 10.223
O[7,20,33] 9.83093
O[7,20,34] 8.27415
O[7,20,35] 11.8909
O[7,20,36] 9.74509
O[7,21,0] 1
O[7,21,1] 2
O[7,21,2] 3
O[7,21,5] 0.146278
O[7,21,6] 6
O[7,21,16] 4.1245
O[7,21,20] 10.8723
O[7,21,21] 12.7419
O[7,21,22] 9.72312
O[7,21,23] 11.4146
O[7,21,24] 9.35686
O[7,21,25] 8.17333
O[7,21,32] 8.73908
O[7,21,33] 10.223
O[7,21,34] 9.83093
O[7,21,35] 8.27415
O[7,21,36] 11.8909
O[7,21,37] 9.74509
O[8,1,0] 53
O[8,1,1] 89.955
O[8,1,2] 181.001
O[8,1,3] 128.36
O[8,1,4] 87.4879
O[8,1,5] 136.982
O[8,1,6] 112.079
O[8,1,7] 99.9213
O[8,1,8] 122.608
O[8,1,9] 111.522
O[8,1,10] 24.4764
O[8,1,11] 187.524
O[8,1,12] 42.7357
O[8,1,13] 130.15
O[8,1,14] 114.833
O[8,1,15] 177.052
O[8,1,16] 136.666
O[8,1,17] 133.581
O[8,1,18] 105.87
O[8,1,19] 62.8768
O[8,1,20] 204.452
O[8,1,21] 29.331
O[8,1,22] 116.378
O[8,1,23] 187.582
O[8,1,24] 27.4687
O[8,1,25] 106.946
O[8,1,26] 182.368
O[8,1,27] 146.239
O[8,1,28] 99.6016
O[8,1,29] 112.398
O[8,1,30] 68.378
O[8,1,31] 183.322
O[8,1,32] 144.469
O[8,1,33] 26.8831
O[8,1,34] 204.311
O[8,1,35] 34.9651
O[8,1,36] 177.035
O[8,1,37] 53.7274
O[8,1,38] 100.231
O[8,1,39] 101.698
O[8,1,40] 112.425
O[8,1,41] 192.103
O[8,1,42] 1
O[8,2,0] 35
O[8,2,1] 53
O[8,2,2] 30.9991
O[8,2,3] 108.432
O[8,2,4] 124.512
O[8,2,5] 87.4879
O[8,2,6] 114.256
O[8,2,7] 112.079
O[8,2,8] 99.9213
O[8,2,9] 110.8
O[8,2,10] 111.522
O[8,2,11] 24.4764
O[8,2,12] 85.0132
O[8,2,13] 34.3566
O[8,2,14] 33.6212
O[8,2,15] 34.9478
O[8,2,16] 75.3341
O[8,2,17] 78.4194
O[8,2,18] 106.13
O[8,2,19] 91.9625
O[8,2,20] 31.6153
O[8,2,21] 116.544
O[8,2,22] 29.331
O[8,2,23] 30.4404
O[8,2,24] 108.208
O[8,2,25] 27.4687
O[8,2,26] 29.6322
O[8,2,27] 84.6793
O[8,2,28] 112.398
O[8,2,29] 99.6016
O[8,2,30] 81.0332
O[8,2,31] 28.6776
O[8,2,32] 89.4856
O[8,2,33] 124.187
O[8,2,34] 26.8831
O[8,2,35] 123.198
O[8,2,36] 34.9651
O[8,2,37] 92.1225
O[8,2,38] 37.53
O[8,2,39] 28.6487
O[8,2,40] 32.4792
O[8,2,41] 36.0946
O[8,2,42] 91.1728
O[8,3,0] 18
O[8,3,1] 35
O[8,3,2] 28.636
O[8,3,3] 30.9991
O[8,3,4] 30.8415
O[8,3,5] 28.5216
O[8,3,6] 35.9703
O[8,3,7] 32.8317
O[8,3,8] 29.6424
O[8,3,9] 28.2646
O[8,3,10] 35.0358
O[8,3,11] 30.6692
O[8,3,12] 24.4764
O[8,3,13] 29.5994
O[8,3,14] 34.3566
O[8,3,15] 33.6212
O[8,3,16] 34.9478
O[8,3,17] 29.753
O[8,3,18] 32.8198
O[8,3,19] 30.3112
O[8,3,20] 34.3188
O[8,3,21] 31.6153
O[8,3,22] 34.6562
O[8,3,23] 29.331
O[8,3,24] 30.4404
O[8,3,25] 31.1716
O[8,3,26] 27.4687
O[8,3,27] 29.6322
O[8,3,28] 31.6453
O[8,3,29] 32.1396
O[8,3,30] 32.5786
O[8,3,31] 35.0239
O[8,3,32] 28.6776
O[8,3,33] 28.6927
O[8,3,34] 31.1836
O[8,3,35] 26.8831
O[8,3,36] 29.4148
O[8,3,37] 34.9651
O[8,3,38] 31.4162
O[8,3,39] 37.53
O[8,3,40] 28.6487
O[8,3,41] 32.4792
O[8,3,42] 36.0946
O[9,1,0] 102
O[9,1,1] 100.028
O[9,1,2] 1
O[9,1,3] 470.464
O[9,1,4] 27.6966
O[9,1,5] 1
O[9,1,6] 257.415
O[9,1,7] 1
O[9,1,8] 365.655
O[9,1,9] 32.9837
O[9,1,10] 1
O[9,1,11] 258.898
O[9,1,12] 1
O[9,1,13] 260.839
O[9,1,14] 1
O[9,1,15] 362.897
O[9,1,16] 34.0172
O[9,1,17] 1
O[9,1,18] 269.594
O[9,1,19] 38.0591
O[9,1,20] 1
O[9,1,21] 409.617
O[9,1,22] 38.732
O[9,1,23] 26.4671
O[9,1,24] 1
O[9,1,25] 366.939
O[9,1,26] 35.5193
O[9,1,27] 1
O[9,1,28] 446.523
O[9,1,29] 29.9333
O[9,1,30] 1
O[9,1,31] 333.593
O[9,1,32] 1
O[9,1,33] 71.0464
O[9,1,34] 1
O[9,1,35] 428.082
O[9,1,36] 33.497
O[9,1,37] 31.2542
O[9,1,38] 1
O[9,1,39] 355.01
O[9,1,42] 1
O[9,2,0] 85
O[9,2,1] 102
O[9,2,2] 39.2594
O[9,2,3] 1
O[9,2,4] 373.388
O[9,2,5] 27.6966
O[9,2,6] 1
O[9,2,7] 257.415
O[9,2,8] 1
O[9,2,9] 365.655
O[9,2,10] 32.9837
O[9,2,11] 1
O[9,2,12] 258.898
O[9,2,14] 260.839
O[9,2,16] 241.748
O[9,2,17] 34.0172
O[9,2,18] 1
O[9,2,19] 269.594
O[9,2,20] 38.0591
O[9,2,21] 1
O[9,2,22] 314.44
O[9,2,23] 38.732
O[9,2,24] 26.4671
O[9,2,25] 1
O[9,2,26] 265.315
O[9,2,27] 35.5193
O[9,2,28] 1
O[9,2,29] 356.571
O[9,2,30] 29.9333
O[9,2,31] 1
O[9,2,32] 333.593
O[9,2,33] 1
O[9,2,34] 71.0464
O[9,2,35] 1
O[9,2,36] 341.478
O[9,2,37] 33.497
O[9,2,38] 31.2542
O[9,2,39] 1
O[9,2,40] 266.695
O[9,3,0] 68
O[9,3,1] 85
O[9,3,2] 102
O[9,3,3] 39.2594
O[9,3,4] 1
O[9,3,5] 262.56
O[9,3,6] 27.6966
O[9,3,7] 1
O[9,3,8] 170.705
O[9,3,9] 1
O[9,3,10] 270.849
O[9,3,11] 32.9837
O[9,3,12] 1
O[9,3,13] 163.823
O[9,3,15] 160.501
O[9,3,17] 241.748
O[9,3,18] 34.0172
O[9,3,19] 1
O[9,3,20] 165.068
O[9,3,21] 38.0591
O[9,3,22] 1
O[9,3,23] 243.38
O[9,3,24] 38.732
O[9,3,25] 26.4671
O[9,3,26] 1
O[9,3,27] 167.799
O[9,3,28] 35.5193
O[9,3,29] 1
O[9,3,30] 262.449
O[9,3,31] 29.9333
O[9,3,32] 1
O[9,3,33] 263.507
O[9,3,34] 1
O[9,3,35] 71.0464
O[9,3,36] 1
O[9,3,37] 256.238
O[9,3,38] 33.497
O[9,3,39] 31.2542
O[9,3,40] 1
O[9,3,41] 191.031
O[9,4,0] 51
O[9,4,1] 68
O[9,4,2] 85
O[9,4,3] 86.2527
O[9,4,4] 39.2594
O[9,4,5] 1
O[9,4,6] 173.413
O[9,4,7] 27.6966
O[9,4,8] 1
O[9,4,9] 78.0523
O[9,4,10] 1
O[9,4,11] 175.108
O[9,4,12] 32.9837
O[9,4,13] 1
O[9,4,14] 73.6932
O[9,4,16] 160.501
O[9,4,18] 164.227
O[9,4,19] 34.0172
O[9,4,20] 1
O[9,4,21] 70.7092
O[9,4,22] 38.0591
O[9,4,23] 1
O[9,4,24] 160.8
O[9,4,25] 38.732
O[9,4,26] 26.4671
O[9,4,27] 1
O[9,4,28] 76.622
O[9,4,29] 35.5193
O[9,4,30] 1
O[9,4,31] 166.864
O[9,4,32] 29.9333
O[9,4,33] 1
O[9,4,34] 169.252
O[9,4,35] 1
O[9,4,36] 71.0464
O[9,4,37] 1
O[9,4,38] 154.546
O[9,4,39] 33.497
O[9,4,40] 31.2542
O[9,4,41] 1
O[9,4,42] 93.1319
O[9,5,0] 34
O[9,5,1] 51
O[9,5,2] 35.3844
O[9,5,4] 70.913
O[9,5,5] 39.2594
O[9,5,7] 79.4838
O[9,5,8] 27.6966
O[9,5,9] 1
O[9,5,10] 78.0523
O[9,5,11] 1
O[9,5,12] 72.6093
O[9,5,13] 32.9837
O[9,5,14] 1
O[9,5,15] 73.6932
O[9,5,17] 70.3542
O[9,5,19] 72.446
O[9,5,20] 34.0172
O[9,5,21] 1
O[9,5,22] 70.7092
O[9,5,23] 38.0591
O[9,5,24] 1
O[9,5,25] 75.6498
O[9,5,26] 38.732
O[9,5,27] 26.4671
O[9,5,28] 1
O[9,5,29] 76.622
O[9,5,30] 35.5193
O[9,5,31] 1
O[9,5,32] 80.1177
O[9,5,33] 29.9333
O[9,5,34] 1
O[9,5,35] 73.1008
O[9,5,36] 1
O[9,5,37] 71.0464
O[9,5,38] 1
O[9,5,39] 74.8097
O[9,5,40] 33.497
O[9,5,41] 31.2542
O[9,5,42] 1
O[9,6,0] 17
O[9,6,1] 34
O[9,6,2] 51
O[9,6,3] 35.3844
O[9,6,5] 34.292
O[9,6,6] 39.2594
O[9,6,8] 39.1154
O[9,6,9] 27.6966
O[9,6,11] 34.6574
O[9,6,13] 31.2669
O[9,6,14] 32.9837
O[9,6,16] 40.2021
O[9,6,18] 36.7019
O[9,6,20] 37.2056
O[9,6,21] 34.0172
O[9,6,23] 33.5976
O[9,6,24] 38.0591
O[9,6,26] 35.7195
O[9,6,27] 38.732
O[9,6,28] 26.4671
O[9,6,30] 39.3326
O[9,6,31] 35.5193
O[9,6,33] 40.21
O[9,6,34] 29.9333
O[9,6,36] 35.0512
O[9,6,37] 1
O[9,6,38] 32.187
O[9,6,40] 31.6133
O[9,6,41] 33.497
O[9,6,42] 31.2542
O[10,1,0] 58
O[10,1,1] 27.0284
O[10,1,2] 23.2016
O[10,1,3] 24.9699
O[10,1,4] 25.5205
O[10,1,5] 7.27142
O[10,1,6] 45.0228
O[10,1,7] 25.386
O[10,1,8] 5.94127
O[10,1,9] 39.6789
O[10,1,10] 25.5383
O[10,1,11] 6.86899
O[10,1,12] 45.816
O[10,1,13] 23.4537
O[10,1,14] 24.0685
O[10,1,15] 24.5418
O[10,1,16] 7.30272
O[10,1,17] 46.2686
O[10,1,18] 23.0795
O[10,1,19] 20.8024
O[10,1,20] 26.2392
O[10,1,21] 5.14018
O[10,1,22] 45.0911
O[10,1,23] 24.6738
O[10,1,24] 22.3264
O[10,1,25] 7.57927
O[10,1,26] 39.9152
O[10,1,27] 23.9913
O[10,1,28] 23.0583
O[10,1,29] 22.1456
O[10,1,30] 6.64838
O[10,1,31] 44.2642
O[10,1,32] 26.8805
O[10,1,33] 6.65175
O[10,1,34] 40.2617
O[10,1,35] 29.0298
O[10,1,36] 22.7536
O[10,1,37] 6.95794
O[10,1,38] 41.9163
O[10,1,39] 26.0579
O[10,1,40] 23.5633
O[10,1,41] 14.7942
O[10,1,42] 1
O[10,2,0] 38
O[10,2,1] 58
O[10,2,2] 27.0284
O[10,2,3] 23.2016
O[10,2,4] 24.9699
O[10,2,5] 25.5205
O[10,2,6] 7.27142
O[10,2,7] 25.8072
O[10,2,8] 25.386
O[10,2,9] 5.94127
O[10,2,10] 24.3141
O[10,2,11] 25.5383
O[10,2,12] 6.86899
O[10,2,13] 25.0542
O[10,2,14] 23.4537
O[10,2,15] 24.0685
O[10,2,16] 24.5418
O[10,2,17] 7.30272
O[10,2,18] 25.2371
O[10,2,19] 23.0795
O[10,2,20] 20.8024
O[10,2,21] 26.2392
O[10,2,22] 5.14018
O[10,2,23] 27.285
O[10,2,24] 24.6738
O[10,2,25] 22.3264
O[10,2,26] 7.57927
O[10,2,27] 22.5541
O[10,2,28] 23.9913
O[10,2,29] 23.0583
O[10,2,30] 22.1456
O[10,2,31] 6.64838
O[10,2,32] 23.9381
O[10,2,33] 26.8805
O[10,2,34] 6.65175
O[10,2,35] 24.3251
O[10,2,36] 29.0298
O[10,2,37] 22.7536
O[10,2,38] 6.95794
O[10,2,39] 21.7246
O[10,2,40] 26.0579
O[10,2,41] 23.5633
O[10,2,42] 14.7942
O[10,3,0] 19
O[10,3,1] 38
O[10,3,2] 43.8164
O[10,3,3] 6.62257
O[10,3,4] 6.61354
O[10,3,5] 6.92325
O[10,3,6] 8.16344
O[10,3,7] 7.27142
O[10,3,8] 6.40212
O[10,3,9] 6.70132
O[10,3,10] 5.94127
O[10,3,11] 7.84622
O[10,3,12] 7.71803
O[10,3,13] 6.86899
O[10,3,14] 7.74625
O[10,3,15] 7.02643
O[10,3,16] 6.25384
O[10,3,17] 5.68535
O[10,3,18] 7.30272
O[10,3,19] 6.96935
O[10,3,20] 8.03842
O[10,3,21] 6.44723
O[10,3,22] 6.43216
O[10,3,23] 5.14018
O[10,3,24] 7.781
O[10,3,25] 8.17085
O[10,3,26] 6.59156
O[10,3,27] 7.57927
O[10,3,28] 5.7721
O[10,3,29] 7.3758
O[10,3,30] 7.60641
O[10,3,31] 6.24567
O[10,3,32] 6.64838
O[10,3,33] 6.58445
O[10,3,34] 6.03511
O[10,3,35] 6.65175
O[10,3,36] 6.41343
O[10,3,37] 7.98527
O[10,3,38] 6.54863
O[10,3,39] 6.95794
O[10,3,40] 8.17769
O[10,3,41] 7.37937
O[10,3,42] 6.28408
O[11,1,0] 30
O[11,1,1] 34.8873
O[11,1,2] 40.2298
O[11,1,3] 31.6546
O[11,1,4] 40.3899
O[11,1,5] 45.7272
O[11,1,6] 37.3898
O[11,1,7] 35.0086
O[11,1,8] 46.4602
O[11,1,9] 40.6706
O[11,1,10] 35.6577
O[11,1,11] 29.2087
O[11,1,12] 37.4926
O[11,1,13] 39.8252
O[11,1,14] 29.6307
O[11,1,15] 35.378
O[11,1,16] 41.2221
O[11,1,17] 39.9991
O[11,1,18] 48.5285
O[11,1,19] 75.7093
O[11,1,20] 37.0951
O[11,1,21] 36.0151
O[11,1,22] 39.1061
O[11,1,23] 31.3619
O[11,1,24] 90.8138
O[11,1,25] 43.8674
O[11,1,26] 70.7414
O[11,1,27] 55.1461
O[11,1,28] 31.911
O[11,1,29] 33.8818
O[11,1,30] 31.2446
O[11,1,31] 48.173
O[11,1,32] 37.7107
O[11,1,33] 51.4033
O[11,1,34] 41.5939
O[11,1,35] 37.4757
O[11,1,36] 33.2617
O[11,1,37] 39.3247
O[11,1,38] 41.4864
O[11,1,39] 41.8518
O[11,1,40] 51.7104
O[11,1,41] 35.3322
O[11,1,42] 40.9619
O[11,2,0] 28
O[11,2,1] 30
O[11,2,3] 1.71652
O[11,2,6] 7.60696
O[11,2,9] 5.65012
O[11,2,10] 4.95726
O[11,2,12] 9.52409e-11
O[11,2,14] 6.29333
O[11,2,19] 13.195
O[11,2,20] 29.1461
O[11,2,25] 53.8202
O[11,2,26] 7.47106
O[11,2,27] 29.6424
O[11,2,28] 6.67322
O[11,2,32] 6.84465
O[11,2,34] 15.2543
O[11,2,40] 7.36147
O[11,2,41] 7.19355
O[11,3,0] 26
O[11,3,1] 28
O[11,3,2] 30
O[11,3,4] 1.71652
O[11,3,7] 7.60696
O[11,3,10] 5.65012
O[11,3,11] 4.95726
O[11,3,13] 9.52409e-11
O[11,3,15] 6.29333
O[11,3,20] 6.01019
O[11,3,21] 21.975
O[11,3,26] 46.6566
O[11,3,27] 7.47106
O[11,3,28] 22.0638
O[11,3,29] 6.67322
O[11,3,33] 6.84465
O[11,3,35] 8.38065
O[11,3,41] 7.36147
O[11,4,0] 24
O[11,4,1] 26
O[11,4,2] 28
O[11,4,3] 30
O[11,4,5] 1.71652
O[11,4,8] 7.60696
O[11,4,11] 5.65012
O[11,4,12] 4.95726
O[11,4,14] 9.52409e-11
O[11,4,21] 6.01019
O[11,4,22] 14.135
O[11,4,27] 38.3466
O[11,4,28] 7.47106
O[11,4,29] 22.0638
O[11,4,30] 6.67322
O[11,4,36] 8.38065
O[11,4,42] 7.36147
O[11,5,0] 22
O[11,5,1] 24
O[11,5,2] 26
O[11,5,3] 20.538
O[11,5,4] 30
O[11,5,6] 1.71652
O[11,5,9] 7.60696
O[11,5,12] 5.65012
O[11,5,13] 4.95726
O[11,5,15] 9.52409e-11
O[11,5,22] 6.01019
O[11,5,23] 14.135
O[11,5,28] 38.3466
O[11,5,29] 7.47106
O[11,5,30] 22.0638
O[11,5,31] 6.67322
O[11,6,0] 20
O[11,6,1] 22
O[11,6,2] 24
O[11,6,3] 26
O[11,6,4] 20.538
O[11,6,5] 22.7681
O[11,6,7] 1.71652
O[11,6,10] 7.60696
O[11,6,13] 5.65012
O[11,6,14] 4.95726
O[11,6,16] 9.52409e-11
O[11,6,24] 7.04695
O[11,6,29] 30.6769
O[11,6,30] 7.47106
O[11,6,31] 22.0638
O[11,6,32] 6.67322
O[11,7,0] 18
O[11,7,1] 20
O[11,7,2] 22
O[11,7,3] 24
O[11,7,4] 26
O[11,7,5] 20.538
O[11,7,6] 22.7681
O[11,7,8] 1.71652
O[11,7,11] 7.60696
O[11,7,14] 5.65012
O[11,7,15] 4.95726
O[11,7,30] 22.9252
O[11,7,32] 15.7921
O[11,8,0] 16
O[11,8,1] 18
O[11,8,2] 20
O[11,8,3] 22
O[11,8,4] 24
O[11,8,5] 26
O[11,8,6] 20.538
O[11,8,7] 22.7681
O[11,8,9] 1.71652
O[11,8,12] 7.60696
O[11,8,15] 5.65012
O[11,8,16] 4.95726
O[11,8,31] 22.9252
O[11,8,33] 15.7921
O[11,9,0] 14
O[11,9,1] 16
O[11,9,2] 18
O[11,9,3] 20
O[11,9,4] 22
O[11,9,5] 24
O[11,9,6] 20.6796
O[11,9,7] 20.538
O[11,9,8] 22.7681
O[11,9,10] 1.71652
O[11,9,13] 7.60696
O[11,9,16] 5.65012
O[11,9,32] 22.9252
O[11,9,34] 15.7921
O[11,10,0] 12
O[11,10,1] 14
O[11,10,2] 16
O[11,10,3] 18
O[11,10,4] 12.9774
O[11,10,5] 22
O[11,10,6] 24
O[11,10,7] 13.9469
O[11,10,8] 20.538
O[11,10,9] 15.1832
O[11,10,11] 1.71652
O[11,10,14] 7.60696
O[11,10,17] 5.65012
O[11,10,33] 22.9252
O[11,10,35] 15.7921
O[11,11,0] 10
O[11,11,1] 12
O[11,11,2] 14
O[11,11,3] 16
O[11,11,4] 18
O[11,11,5] 12.9774
O[11,11,6] 22
O[11,11,7] 24
O[11,11,8] 7.76004
O[11,11,9] 20.538
O[11,11,10] 7.87751
O[11,11,12] 1.71652
O[11,11,15] 7.60696
O[11,11,34] 22.9252
O[11,11,36] 15.7921
O[11,12,0] 8
O[11,12,1] 10
O[11,12,2] 12
O[11,12,3] 14
O[11,12,4] 16
O[11,12,5] 18
O[11,12,6] 12.0616
O[11,12,7] 22
O[11,12,8] 24
O[11,12,9] 7.76004
O[11,12,10] 20.538
O[11,12,11] 7.87751
O[11,12,13] 1.71652
O[11,12,16] 7.60696
O[11,12,35] 22.9252
O[11,12,37] 15.7921
O[11,13,0] 6
O[11,13,1] 8
O[11,13,2] 10
O[11,13,3] 12
O[11,13,4] 14
O[11,13,5] 16
O[11,13,6] 18
O[11,13,7] 12.0616
O[11,13,8] 22
O[11,13,9] 24
O[11,13,10] 7.76004
O[11,13,11] 13.3982
O[11,13,12] 7.87751
O[11,13,14] 1.71652
O[11,13,17] 7.60696
O[11,13,36] 15.1868
O[11,13,38] 15.7921
O[11,14,0] 4
O[11,14,1] 6
O[11,14,2] 8
O[11,14,3] 10
O[11,14,4] 12
O[11,14,5] 14
O[11,14,6] 16
O[11,14,7] 18
O[11,14,8] 12.0616
O[11,14,9] 22
O[11,14,10] 24
O[11,14,11] 7.76004
O[11,14,12] 13.3982
O[11,14,13] 7.87751
O[11,14,15] 1.71652
O[11,14,18] 7.60696
O[11,14,37] 15.1868
O[11,14,39] 15.7921
O[11,15,0] 2
O[11,15,1] 4
O[11,15,2] 6
O[11,15,3] 8
O[11,15,4] 10
O[11,15,5] 12
O[11,15,6] 14
O[11,15,7] 16
O[11,15,8] 18
O[11,15,9] 12.0616
O[11,15,10] 22
O[11,15,11] 24
O[11,15,12] 1.25093
O[11,15,13] 6.91427
O[11,15,14] 7.25354
O[11,15,16] 1.71652
O[11,15,38] 7.61424
O[11,15,40] 7.81948
O[12,1,0] 101
O[12,1,1] 58.3178
O[12,1,2] 15.5631
O[12,1,3] 18.5508
O[12,1,4] 138.504
O[12,1,5] 18.2928
O[12,1,6] 16.8338
O[12,1,7] 134.739
O[12,1,8] 16.9365
O[12,1,9] 15.2423
O[12,1,10] 124.223
O[12,1,11] 15.8999
O[12,1,12] 16.0276
O[12,1,13] 149.689
O[12,1,14] 15.044
O[12,1,15] 16.0398
O[12,1,16] 136.786
O[12,1,17] 14.6597
O[12,1,18] 15.4918
O[12,1,19] 135.573
O[12,1,20] 17.9856
O[12,1,21] 15.8546
O[12,1,22] 126.626
O[12,1,23] 14.5342
O[12,1,24] 14.7623
O[12,1,25] 130.949
O[12,1,26] 17.4122
O[12,1,27] 13.1768
O[12,1,28] 135.42
O[12,1,29] 16.7102
O[12,1,30] 16.4657
O[12,1,31] 120.071
O[12,1,32] 15.7064
O[12,1,33] 18.6442
O[12,1,34] 128.348
O[12,1,35] 16.5259
O[12,1,36] 16.0766
O[12,1,37] 136.337
O[12,1,38] 20.8125
O[12,1,39] 14.8395
O[12,1,40] 121.578
O[12,1,42] 1
O[12,2,0] 76
O[12,2,1] 101
O[12,2,2] 58.3178
O[12,2,3] 15.5631
O[12,2,4] 18.5508
O[12,2,5] 95.1202
O[12,2,6] 18.2928
O[12,2,7] 16.8338
O[12,2,8] 91.0553
O[12,2,9] 16.9365
O[12,2,10] 15.2423
O[12,2,11] 91.1638
O[12,2,12] 15.8999
O[12,2,13] 16.0276
O[12,2,14] 107.579
O[12,2,15] 15.044
O[12,2,16] 16.0398
O[12,2,17] 95.5748
O[12,2,18] 14.6597
O[12,2,19] 15.4918
O[12,2,20] 94.687
O[12,2,21] 17.9856
O[12,2,22] 15.8546
O[12,2,23] 85.9652
O[12,2,24] 14.5342
O[12,2,25] 14.7623
O[12,2,26] 87.1051
O[12,2,27] 17.4122
O[12,2,28] 13.1768
O[12,2,29] 89.8701
O[12,2,30] 16.7102
O[12,2,31] 16.4657
O[12,2,32] 84.6996
O[12,2,33] 15.7064
O[12,2,34] 18.6442
O[12,2,35] 95.8339
O[12,2,36] 16.5259
O[12,2,37] 16.0766
O[12,2,38] 97.6768
O[12,2,39] 20.8125
O[12,2,40] 14.8395
O[12,2,41] 78.1101
O[12,3,0] 51
O[12,3,1] 76
O[12,3,2] 65.8421
O[12,3,3] 58.3178
O[12,3,4] 15.5631
O[12,3,5] 18.5508
O[12,3,6] 57.7647
O[12,3,7] 18.2928
O[12,3,8] 16.8338
O[12,3,9] 55.8802
O[12,3,10] 16.9365
O[12,3,11] 15.2423
O[12,3,12] 50.5584
O[12,3,13] 15.8999
O[12,3,14] 16.0276
O[12,3,15] 57.5818
O[12,3,16] 15.044
O[12,3,17] 16.0398
O[12,3,18] 55.8809
O[12,3,19] 14.6597
O[12,3,20] 15.4918
O[12,3,21] 53.7572
O[12,3,22] 17.9856
O[12,3,23] 15.8546
O[12,3,24] 55.1389
O[12,3,25] 14.5342
O[12,3,26] 14.7623
O[12,3,27] 54.7287
O[12,3,28] 17.4122
O[12,3,29] 13.1768
O[12,3,30] 52.938
O[12,3,31] 16.7102
O[12,3,32] 16.4657
O[12,3,33] 47.88
O[12,3,34] 15.7064
O[12,3,35] 18.6442
O[12,3,36] 55.2688
O[12,3,37] 16.5259
O[12,3,38] 16.0766
O[12,3,39] 61.8025
O[12,3,40] 20.8125
O[12,3,41] 14.8395
O[12,3,42] 38.4613
O[12,4,0] 25
O[12,4,1] 51
O[12,4,2] 76
O[12,4,3] 22.9785
O[12,4,4] 16.3367
O[12,4,5] 15.5631
O[12,4,6] 18.5508
O[12,4,7] 18.0994
O[12,4,8] 18.2928
O[12,4,9] 16.8338
O[12,4,10] 15.2441
O[12,4,11] 16.9365
O[12,4,12] 15.2423
O[12,4,13] 16.9631
O[12,4,14] 15.8999
O[12,4,15] 16.0276
O[12,4,16] 15.4054
O[12,4,17] 15.044
O[12,4,18] 16.0398
O[12,4,19] 15.6498
O[12,4,20] 14.6597
O[12,4,21] 15.4918
O[12,4,22] 17.1353
O[12,4,23] 17.9856
O[12,4,24] 15.8546
O[12,4,25] 15.0974
O[12,4,26] 14.5342
O[12,4,27] 14.7623
O[12,4,28] 18.5098
O[12,4,29] 17.4122
O[12,4,30] 13.1768
O[12,4,31] 16.5898
O[12,4,32] 16.7102
O[12,4,33] 16.4657
O[12,4,34] 14.2475
O[12,4,35] 15.7064
O[12,4,36] 18.6442
O[12,4,37] 17.4293
O[12,4,38] 16.5259
O[12,4,39] 16.0766
O[12,4,40] 17.1909
O[12,4,41] 20.8125
O[12,4,42] 14.8395
n[1,1] 1
n[1,2] 1
n[1,3] 1
n[1,4] 1
n[1,5] 1
n[1,6] 1
n[1,8] 1
n[1,9] 1
n[1,10] 1
n[1,11] 1
n[1,12] 1
n[1,13] 1
n[1,15] 1
n[1,16] 1
n[1,17] 1
n[1,18] 1
n[1,19] 1
n[1,20] 1
n[1,22] 1
n[1,23] 1
n[1,24] 1
n[1,25] 1
n[1,26] 1
n[1,27] 1
n[1,28] 1
n[1,29] 1
n[1,31] 1
n[1,32] 1
n[1,33] 1
n[1,34] 1
n[1,35] 1
n[1,36] 1
n[1,37] 1
n[1,38] 1
n[1,39] 1
n[1,40] 1
n[1,41] 1
n[2,1] 23.1157
n[2,2] 1
n[2,4] 25.4268
n[2,5] 1
n[2,7] 24.4712
n[2,8] 1
n[2,10] 26.1791
n[2,11] 1
n[2,13] 28.3771
n[2,14] 1
n[2,16] 27.8671
n[2,17] 1
n[2,19] 30.0193
n[2,20] 1
n[2,22] 31.332
n[2,23] 1
n[2,25] 1
n[2,27] 1
n[2,29] 23.0659
n[2,30] 1
n[2,32] 1
n[2,34] 22.6228
n[2,35] 1
n[2,37] 31.8755
n[2,38] 1
n[2,40] 1
n[2,41] 1
n[3,1] 16.0805
n[3,3] 15.2554
n[3,5] 15.2073
n[3,7] 15.402
n[3,8] 3.47118e-12
n[3,9] 14.4894
n[3,11] 16.3688
n[3,13] 17.5933
n[3,15] 14.9832
n[3,17] 14.7642
n[3,19] 14.2602
n[3,21] 14.6606
n[3,23] 13.2817
n[3,24] 3.10878e-12
n[3,25] 15.0123
n[3,27] 15.0619
n[3,29] 16.3937
n[3,31] 14.7451
n[3,33] 11.8083
n[3,35] 15.252
n[3,37] 15.3484
n[3,39] 14.0901
n[3,41] 1
n[4,1] 36.2423
n[4,2] 16.6923
n[4,3] 2.65968e-12
n[4,4] 32.8358
n[4,5] 14.907
n[4,7] 16.1494
n[4,9] 35.7022
n[4,10] 18.9802
n[4,12] 38.5544
n[4,13] 20.8017
n[4,15] 41.4766
n[4,16] 18.8908
n[4,18] 37.8499
n[4,19] 18.756
n[4,21] 29.8531
n[4,22] 14.7649
n[4,24] 17.915
n[4,26] 34.3147
n[4,27] 15.2905
n[4,29] 35.2226
n[4,30] 16.7486
n[4,32] 36.3899
n[4,33] 18.8826
n[4,35] 30.898
n[4,36] 15.0412
n[4,38] 18.5866
n[4,40] 1
n[4,41] 1
n[6,1] 1
n[6,2] 1
n[6,3] 1
n[6,4] 1
n[6,6] 18.2106
n[6,7] 1
n[6,8] 1
n[6,9] 1
n[6,10] 1
n[6,11] 1
n[6,12] 1
n[6,14] 1
n[6,15] 1
n[6,16] 1
n[6,17] 1
n[6,18] 1
n[6,20] 44.0006
n[6,21] 23.3457
n[6,22] 1
n[6,23] 1
n[6,24] 1
n[6,25] 1
n[6,26] 1
n[6,27] 1
n[6,28] 1
n[6,29] 1
n[6,30] 1
n[6,32] 1
n[6,33] 1
n[6,34] 1
n[6,35] 1
n[6,36] 1
n[6,37] 1
n[6,38] 1
n[6,39] 1
n[6,40] 1
n[6,41] 1
n[7,1] 39.6679
n[7,2] 29.9448
n[7,3] 18.5302
n[7,4] 9.17333
n[7,5] 1
n[7,6] 1
n[7,7] 1
n[7,8] 1
n[7,9] 1
n[7,10] 1
n[7,12] 50.9641
n[7,13] 40.7411
n[7,14] 30.9102
n[7,15] 22.636
n[7,16] 10.7451
n[7,17] 1
n[7,18] 1
n[7,19] 1
n[7,20] 1
n[7,21] 1
n[7,22] 1
n[7,24] 1
n[7,25] 1
n[7,27] 45.6552
n[7,28] 20.8888
n[7,29] 1
n[7,30] 1
n[7,31] 1
n[7,32] 1
n[7,33] 1
n[7,34] 1
n[7,35] 1
n[7,36] 1
n[7,37] 1
n[7,38] 1
n[7,39] 1
n[7,40] 1
n[7,41] 1
n[8,9] 24.4764
n[8,23] 27.4687
n[8,32] 26.8831
n[8,41] 1
n[9,1] 1
n[9,3] 28.6966
n[9,4] 1
n[9,6] 1
n[9,8] 33.9837
n[9,9] 1
n[9,11] 1
n[9,13] 1
n[9,15] 35.0172
n[9,16] 1
n[9,18] 39.0591
n[9,19] 1
n[9,21] 66.1991
n[9,22] 27.4671
n[9,23] 1
n[9,25] 36.5193
n[9,26] 1
n[9,28] 30.9333
n[9,29] 1
n[9,31] 1
n[9,33] 1
n[9,35] 65.7512
n[9,36] 32.2542
n[9,37] 1
n[9,39] 1
n[9,40] 1
n[9,41] 1
n[10,1] 80.9634
n[10,2] 57.7618
n[10,3] 32.7919
n[10,4] 7.27142
n[10,6] 31.3273
n[10,7] 5.94127
n[10,9] 32.4073
n[10,10] 6.86899
n[10,12] 79.3668
n[10,13] 55.9131
n[10,14] 31.8445
n[10,15] 7.30272
n[10,17] 75.2613
n[10,18] 52.1818
n[10,19] 31.3794
n[10,20] 5.14018
n[10,22] 54.5794
n[10,23] 29.9056
n[10,24] 7.57927
n[10,26] 75.8436
n[10,27] 51.8523
n[10,28] 28.794
n[10,29] 6.64838
n[10,31] 33.5322
n[10,32] 6.65175
n[10,34] 58.7413
n[10,35] 29.7116
n[10,36] 6.95794
n[10,38] 65.4153
n[10,39] 39.3574
n[10,40] 15.7942
n[10,41] 1
n[11,2] 31.6546
n[11,10] 29.2087
n[11,13] 29.6307
n[11,22] 31.3619
n[11,27] 31.911
n[11,29] 31.2446
n[11,34] 1.22213e-12
n[11,35] 33.2617
n[12,1] 34.1138
n[12,2] 18.5508
n[12,3] 2.48721e-12
n[12,4] 35.1266
n[12,5] 16.8338
n[12,6] 1.17168e-11
n[12,7] 32.1787
n[12,8] 15.2423
n[12,9] 1.34758e-11
n[12,10] 31.9275
n[12,11] 16.0276
n[12,12] 1.50003e-11
n[12,13] 31.0839
n[12,14] 16.0398
n[12,16] 30.1515
n[12,17] 15.4918
n[12,19] 33.8402
n[12,20] 15.8546
n[12,22] 29.2964
n[12,23] 14.7623
n[12,24] 4.13338e-12
n[12,25] 30.5889
n[12,26] 13.1768
n[12,28] 33.1758
n[12,29] 16.4657
n[12,31] 34.3506
n[12,32] 18.6442
n[12,34] 32.6025
n[12,35] 16.0766
n[12,37] 35.652
n[12,38] 14.8395
n[12,40] 1
n[12,41] 1
v[1,1,1] 59.1511
v[1,1,15] 65.5393
v[1,1,22] 72.4058
v[1,1,31] 67.2274
v[1,1,42] 1
v[1,2,2] 65.8956
v[1,2,16] 67.3465
v[1,2,23] 72.6498
v[1,2,32] 68.1689
v[1,3,3] 65.4671
v[1,3,17] 64.4846
v[1,3,24] 66.7395
v[1,3,33] 34.5155
v[1,4,4] 63.7139
v[1,4,18] 70.346
v[1,4,25] 80.6558
v[1,4,34] 56.3668
v[1,5,5] 66.1647
v[1,5,19] 61.3553
v[1,5,26] 62.4348
v[1,5,35] 66.9772
v[1,6,6] 65.6581
v[1,6,27] 69.1278
v[1,6,36] 64.8117
v[1,7,7] 59.8855
v[1,7,14] 51.8162
v[1,7,21] 36.3728
v[1,7,28] 72.9059
v[1,7,37] 74.9837
v[1,8,8] 53.7531
v[1,8,28] 1
v[1,8,29] 72.859
v[1,8,38] 71.1548
v[1,9,9] 65.5182
v[1,9,30] 79.5698
v[1,9,38] 1
v[1,9,39] 71.0273
v[1,10,10] 49.6336
v[1,10,40] 68.0258
v[1,11,11] 73.1988
v[1,11,41] 61.7538
v[1,12,12] 46.6108
v[1,12,33] 33.7635
v[1,12,42] 71.0055
v[1,13,10] 11.9745
v[1,13,13] 55.9264
v[1,13,20] 62.7126
v[1,14,13] 11.8882
v[1,14,14] 15.791
v[1,14,21] 32.8481
v[1,15,2] 4.84717
v[1,15,3] 13.2903
v[1,15,6] 22.6109
v[1,15,7] 27
v[1,15,8] 26.9945
v[1,15,9] 6.82043
v[1,15,10] 33
v[1,15,11] 30.9578
v[1,15,12] 24.1082
v[1,15,13] 10.6238
v[1,15,15] 31.4306
v[1,15,21] 1
v[1,15,22] 31.9342
v[1,15,29] 27.2068
v[1,15,36] 32.7506
v[1,16,3] 4.40018
v[1,16,4] 5.70973
v[1,16,5] 21
v[1,16,7] 2.38907
v[1,16,9] 2.00551
v[1,16,10] 0.547421
v[1,16,12] 4.04223
v[1,16,13] 0.917366
v[1,16,14] 28.3762
v[1,16,16] 29.9621
v[1,16,23] 30.095
v[1,16,29] 1
v[1,16,30] 27.3963
v[1,16,37] 30.4273
v[1,17,7] 0.249148
v[1,17,17] 31.0046
v[1,17,24] 32.5925
v[1,17,31] 33.8364
v[1,17,38] 32.0614
v[1,18,3] 14
v[1,18,4] 10.808
v[1,18,5] 7.75266
v[1,18,18] 28.5559
v[1,18,25] 27.1318
v[1,18,32] 31.2924
v[1,18,39] 23.5617
v[1,19,2] 10
v[1,19,9] 22.7509
v[1,19,13] 23.6321
v[1,19,26] 30.2783
v[1,19,33] 31.525
v[1,19,40] 33.677
v[1,20,2] 8
v[1,20,4] 12
v[1,20,6] 5.19204
v[1,20,19] 29.1118
v[1,20,20] 33.2392
v[1,20,27] 30.6214
v[1,20,34] 34.5916
v[1,20,41] 29.7863
v[1,21,2] 6
v[1,21,21] 25.9535
v[1,21,28] 25.6635
v[1,21,35] 30.0625
v[1,21,42] 32.7129
v[2,1,4] 87.4438
v[2,1,7] 70.3302
v[2,1,10] 88.4219
v[2,1,13] 84.7194
v[2,1,16] 74.1159
v[2,1,19] 76.3735
v[2,1,21] 4.41958e-12
v[2,1,22] 83.4989
v[2,1,25] 79.4552
v[2,1,26] 1
v[2,1,27] 20.3736
v[2,1,32] 80.2302
v[2,1,37] 70.8497
v[2,1,40] 73.1303
v[2,1,42] 1
v[2,2,1] 34.8761
v[2,2,5] 61.3928
v[2,2,8] 69.5509
v[2,2,11] 73.2353
v[2,2,14] 80.4473
v[2,2,17] 85.7088
v[2,2,20] 70.1716
v[2,2,23] 66.0077
v[2,2,26] 72.9001
v[2,2,28] 67.8326
v[2,2,30] 88.2656
v[2,2,33] 82.5461
v[2,2,34] 1
v[2,2,35] 80.2664
v[2,2,38] 76.0727
v[2,2,41] 66.7342
v[2,3,1] 42
v[2,3,2] 88.7441
v[2,3,3] 84.1227
v[2,3,6] 85.3463
v[2,3,8] 7.99361e-15
v[2,3,9] 76.9788
v[2,3,12] 75.4341
v[2,3,15] 77.3648
v[2,3,18] 69.7886
v[2,3,21] 86.9894
v[2,3,24] 74.777
v[2,3,27] 68.0836
v[2,3,29] 82.1666
v[2,3,31] 92.5951
v[2,3,34] 62.6177
v[2,3,36] 84.8771
v[2,3,39] 73.5952
v[2,3,42] 78.5102
v[2,4,3] 18.6041
v[2,4,6] 1
v[2,4,7] 30.9968
v[2,4,9] 1
v[2,4,10] 23.9595
v[2,4,12] 1
v[2,4,13] 31.2626
v[2,4,15] 1
v[2,4,16] 28.3015
v[2,4,18] 1
v[2,4,19] 27.9886
v[2,4,21] 1
v[2,4,22] 31.397
v[2,4,24] 1
v[2,4,25] 26.8436
v[2,4,27] 1
v[2,4,28] 23.8521
v[2,4,30] 28.8829
v[2,4,32] 30.3444
v[2,4,34] 1
v[2,4,35] 28.6765
v[2,4,37] 27.0489
v[2,4,39] 1
v[2,4,40] 26.9104
v[2,4,42] 1
v[2,5,2] 30.8715
v[2,5,3] 10.7856
v[2,5,4] 27.7757
v[2,5,5] 27.1248
v[2,5,6] 22.1157
v[2,5,8] 26.3612
v[2,5,9] 24.4268
v[2,5,11] 29.9519
v[2,5,12] 23.4712
v[2,5,14] 29.2549
v[2,5,15] 25.1791
v[2,5,17] 25.6611
v[2,5,18] 27.3771
v[2,5,20] 29.2397
v[2,5,21] 26.8671
v[2,5,23] 25.3195
v[2,5,24] 29.0193
v[2,5,26] 28.7211
v[2,5,27] 30.332
v[2,5,29] 29.1641
v[2,5,31] 26.2124
v[2,5,32] 1
v[2,5,33] 28.8511
v[2,5,34] 22.0659
v[2,5,36] 30.7119
v[2,5,38] 27.7909
v[2,5,39] 21.6228
v[2,5,41] 29.6104
v[2,5,42] 30.8755
v[3,1,1] 43.1315
v[3,1,3] 49.0766
v[3,1,5] 45.6191
v[3,1,7] 48.4361
v[3,1,9] 49.2787
v[3,1,10] 2.13163e-12
v[3,1,11] 45.6601
v[3,1,13] 46.3114
v[3,1,14] 1.21503e-12
v[3,1,15] 46.6178
v[3,1,17] 47.2101
v[3,1,19] 45.7716
v[3,1,21] 42.4081
v[3,1,23] 42.0399
v[3,1,25] 43.9613
v[3,1,27] 43.3863
v[3,1,29] 42.3089
v[3,1,31] 39.5094
v[3,1,33] 42.0156
v[3,1,35] 48.2614
v[3,1,37] 46.8318
v[3,1,39] 37.822
v[3,1,41] 45.1757
v[3,1,42] 1
v[3,2,2] 46.727
v[3,2,4] 44.3137
v[3,2,6] 43.4849
v[3,2,8] 47.6916
v[3,2,10] 45.7458
v[3,2,12] 44.9674
v[3,2,13] 1.25056e-12
v[3,2,14] 51.8216
v[3,2,16] 47.3721
v[3,2,18] 45.178
v[3,2,20] 53.8827
v[3,2,22] 41.6358
v[3,2,24] 41.7736
v[3,2,26] 45.258
v[3,2,28] 45.9079
v[3,2,30] 45.5378
v[3,2,32] 49.942
v[3,2,34] 48.3699
v[3,2,36] 47.2127
v[3,2,38] 39.0735
v[3,2,40] 45.5787
v[3,2,42] 43.9434
v[3,3,2] 16
v[3,3,3] 13.9681
v[3,3,4] 16.0805
v[3,3,5] 14.8265
v[3,3,6] 15.2554
v[3,3,7] 16.2871
v[3,3,8] 15.2073
v[3,3,9] 16.893
v[3,3,10] 15.402
v[3,3,11] 13.8604
v[3,3,12] 14.4894
v[3,3,13] 18.1424
v[3,3,14] 16.3688
v[3,3,15] 18.4191
v[3,3,16] 17.5933
v[3,3,17] 15.5531
v[3,3,18] 14.9832
v[3,3,19] 15.8716
v[3,3,20] 14.7642
v[3,3,21] 13.4796
v[3,3,22] 14.2602
v[3,3,23] 14.676
v[3,3,24] 14.6606
v[3,3,25] 15.2622
v[3,3,26] 13.2817
v[3,3,27] 14.8397
v[3,3,28] 15.0123
v[3,3,29] 16.104
v[3,3,30] 15.0619
v[3,3,31] 16.175
v[3,3,32] 16.3937
v[3,3,33] 16.7702
v[3,3,34] 14.7451
v[3,3,35] 14.0899
v[3,3,36] 11.8083
v[3,3,37] 15.0373
v[3,3,38] 15.252
v[3,3,39] 15.7091
v[3,3,40] 15.3484
v[3,3,41] 14.3367
v[3,3,42] 14.0901
v[4,1,4] 49.0855
v[4,1,7] 66.578
v[4,1,12] 63.9138
v[4,1,15] 54.9276
v[4,1,18] 53.9829
v[4,1,21] 58.3937
v[4,1,24] 49.4517
v[4,1,29] 52.0986
v[4,1,32] 56.9814
v[4,1,35] 54.2553
v[4,1,36] 1.49302e-12
v[4,1,38] 51.6279
v[4,1,42] 1
v[4,2,1] 8.91719
v[4,2,5] 57.2893
v[4,2,8] 52.8556
v[4,2,10] 48.8316
v[4,2,13] 57.5817
v[4,2,16] 59.1153
v[4,2,19] 66.8856
v[4,2,22] 54.09
v[4,2,25] 56.3165
v[4,2,27] 66.1427
v[4,2,30] 59.7112
v[4,2,33] 53.4285
v[4,2,36] 56.551
v[4,2,39] 49.8831
v[4,2,41] 65.2031
v[4,3,1] 45.9171
v[4,3,2] 62.3115
v[4,3,3] 56.0736
v[4,3,6] 62.8098
v[4,3,9] 61.1435
v[4,3,11] 52.3278
v[4,3,14] 55.1523
v[4,3,17] 59.4851
v[4,3,20] 55.7577
v[4,3,23] 50.9095
v[4,3,26] 51.2234
v[4,3,28] 55.265
v[4,3,31] 56.246
v[4,3,34] 55.132
v[4,3,37] 58.802
v[4,3,40] 60.8057
v[4,3,42] 55.6974
v[4,4,2] 15.5892
v[4,4,3] 17.7713
v[4,4,4] 20.1253
v[4,4,5] 19.55
v[4,4,6] 16.6923
v[4,4,7] 20.6585
v[4,4,8] 17.9288
v[4,4,9] 14.907
v[4,4,10] 19.4779
v[4,4,11] 16.1494
v[4,4,12] 20.3194
v[4,4,13] 16.722
v[4,4,14] 18.9802
v[4,4,15] 17.8364
v[4,4,16] 17.7527
v[4,4,17] 20.8017
v[4,4,18] 17.0441
v[4,4,19] 22.5858
v[4,4,20] 18.8908
v[4,4,21] 17.1053
v[4,4,22] 19.0939
v[4,4,23] 18.756
v[4,4,24] 19.8096
v[4,4,25] 15.0882
v[4,4,26] 14.7649
v[4,4,27] 18.1819
v[4,4,28] 17.915
v[4,4,29] 18.6382
v[4,4,30] 19.0242
v[4,4,31] 15.2905
v[4,4,32] 15.5286
v[4,4,33] 18.474
v[4,4,34] 16.7486
v[4,4,35] 16.5699
v[4,4,36] 17.5073
v[4,4,37] 18.8826
v[4,4,38] 17.6031
v[4,4,39] 15.8568
v[4,4,40] 15.0412
v[4,4,41] 18.1484
v[4,4,42] 18.5866
v[5,1,1] 41.5602
v[5,1,2] 41.6852
v[5,1,3] 36.2724
v[5,1,4] 38.9962
v[5,1,5] 40.859
v[5,1,6] 34.6871
v[5,1,7] 38.0126
v[5,1,8] 39.6347
v[5,1,9] 42.3961
v[5,1,10] 46.2832
v[5,1,11] 34.6192
v[5,1,12] 37.3877
v[5,1,13] 32.0435
v[5,1,14] 36.9749
v[5,1,15] 35.253
v[5,1,16] 40.6106
v[5,1,17] 36.8546
v[5,1,18] 31.5486
v[5,1,19] 35.0735
v[5,1,20] 39.0936
v[5,1,21] 44.9184
v[5,1,22] 38.2201
v[5,1,23] 41.0586
v[5,1,24] 44.5682
v[5,1,25] 28.2228
v[5,1,26] 43.5454
v[5,1,27] 42.8517
v[5,1,28] 39.2885
v[5,1,29] 41.9387
v[5,1,30] 36.0408
v[5,1,31] 37.8992
v[5,1,32] 40.1313
v[5,1,33] 39.3608
v[5,1,34] 47.1855
v[5,1,35] 43.196
v[5,1,36] 36.8918
v[5,1,37] 35.9574
v[5,1,38] 40.2955
v[5,1,39] 33.3059
v[5,1,40] 37.7591
v[5,1,41] 38.2339
v[5,1,42] 43.5897
v[5,2,2] 16.3011
v[5,2,3] 11.3675
v[5,2,4] 16.0857
v[5,2,5] 13.5963
v[5,2,6] 13.5205
v[5,2,7] 13.1018
v[5,2,8] 16.6998
v[5,2,9] 12.9964
v[5,2,10] 18.1096
v[5,2,11] 15.2944
v[5,2,12] 14.1284
v[5,2,13] 13.9813
v[5,2,14] 13.7975
v[5,2,15] 14.7261
v[5,2,16] 12.7555
v[5,2,17] 14.2365
v[5,2,18] 13.1492
v[5,2,19] 15.9039
v[5,2,20] 15.257
v[5,2,21] 13.4777
v[5,2,22] 13.9399
v[5,2,23] 15.2959
v[5,2,24] 16.0339
v[5,2,25] 13.9261
v[5,2,26] 12.311
v[5,2,27] 12.3069
v[5,2,28] 15.4992
v[5,2,29] 16.6497
v[5,2,30] 15.3441
v[5,2,31] 14.156
v[5,2,32] 17.9726
v[5,2,33] 13.5582
v[5,2,34] 17.2342
v[5,2,35] 16.0379
v[5,2,36] 16.3166
v[5,2,37] 14.8812
v[5,2,38] 14.9013
v[5,2,39] 15.8515
v[5,2,40] 14.3067
v[5,2,41] 14.677
v[5,2,42] 13.174
v[6,1,1] 41.7482
v[6,1,6] 53.0097
v[6,1,20] 52.1838
v[6,1,32] 45.2445
v[6,1,42] 1
v[6,2,2] 46.4459
v[6,2,7] 55.8609
v[6,2,15] 55.505
v[6,3,3] 52.0509
v[6,3,8] 52.0565
v[6,3,16] 50.8019
v[6,3,21] 1
v[6,3,34] 46.8866
v[6,4,4] 53.7813
v[6,4,9] 49.0303
v[6,4,17] 61.924
v[6,4,35] 55.6305
v[6,5,5] 58.1508
v[6,5,10] 49.3913
v[6,5,18] 51.4913
v[6,5,24] 54.0338
v[6,5,36] 49.9674
v[6,6,5] 4.82199
v[6,6,11] 45.5836
v[6,6,19] 50.9222
v[6,6,36] 1
v[6,6,37] 46.8789
v[6,7,38] 40.048
v[6,8,13] 52.7989
v[6,8,21] 48.3335
v[6,8,27] 51.6237
v[6,8,39] 55.5894
v[6,9,14] 52.2077
v[6,9,22] 47.227
v[6,9,28] 55.1271
v[6,9,40] 51.3948
v[6,10,23] 49.22
v[6,10,29] 56.6249
v[6,10,41] 41.5757
v[6,11,30] 50.899
v[6,11,42] 56.0684
v[6,12,12] 54.273
v[6,12,25] 55.4035
v[6,12,31] 49.6141
v[6,13,26] 36.4763
v[6,14,33] 54.4536
v[6,15,2] 4.312
v[6,15,3] 1.9235
v[6,15,4] 11
v[6,15,5] 12
v[6,15,6] 13
v[6,15,7] 14
v[6,15,8] 14.0035
v[6,15,9] 16
v[6,15,10] 17
v[6,15,11] 19
v[6,15,12] 17.7127
v[6,15,13] 16.6418
v[6,15,14] 17.178
v[6,15,15] 19.1022
v[6,15,27] 1
v[6,15,28] 22.6732
v[6,15,34] 20.3257
v[6,16,2] 8
v[6,16,3] 4.688
v[6,16,9] 0.996472
v[6,16,13] 2.28728
v[6,16,14] 4.35821
v[6,16,16] 21.6775
v[6,16,29] 19.4216
v[6,16,30] 1.45519e-11
v[6,16,35] 21.0114
v[6,17,2] 7
v[6,17,17] 19.408
v[6,17,21] 1
v[6,17,22] 21.3528
v[6,17,30] 21.5751
v[6,17,36] 16.5128
v[6,18,6] 2.99248
v[6,18,18] 23.0462
v[6,18,23] 23.0178
v[6,18,31] 21.4175
v[6,18,37] 18.8489
v[6,19,7] 2.1203
v[6,19,19] 18.866
v[6,19,24] 19.3452
v[6,19,32] 23.2291
v[6,19,38] 24.4456
v[6,20,3] 4.58929
v[6,20,4] 0.225921
v[6,20,8] 2.96372
v[6,20,20] 23.6926
v[6,20,25] 21.5079
v[6,20,27] 1.45519e-11
v[6,20,33] 23.0354
v[6,20,39] 20.1296
v[6,21,2] 3
v[6,21,3] 4
v[6,21,4] 0.410707
v[6,21,5] 5.77408
v[6,21,21] 18.6486
v[6,21,26] 20.8918
v[6,21,27] 17.2106
v[6,21,40] 14.7917
v[6,21,41] 20.6549
v[6,21,42] 22.3457
v[7,1,1] 22.5311
v[7,1,12] 24.1316
v[7,1,27] 30.3783
v[7,1,42] 1
v[7,2,2] 26.0034
v[7,2,13] 21.9061
v[7,3,3] 25.9892
v[7,3,14] 25.5377
v[7,3,26] 28.0928
v[7,4,4] 24.9663
v[7,4,15] 26.0356
v[7,5,5] 23.3717
v[7,5,16] 25.149
v[7,5,28] 23.9417
v[7,5,31] 22.322
v[7,6,6] 25.0967
v[7,6,16] 1.74943e-12
v[7,6,17] 26.0613
v[7,6,29] 23.9082
v[7,6,32] 23.1263
v[7,7,7] 28.8022
v[7,7,18] 25.9871
v[7,7,30] 27.5925
v[7,7,33] 23.9536
v[7,8,8] 27.3687
v[7,8,19] 24.6971
v[7,8,34] 28.1624
v[7,9,9] 16.4172
v[7,9,20] 27.3787
v[7,9,35] 24.5381
v[7,10,9] 7.1277
v[7,10,10] 25.204
v[7,10,21] 21.942
v[7,10,35] 1
v[7,11,11] 18.384
v[7,11,22] 26.4504
v[7,11,33] 1.21814e-12
v[7,11,37] 27.8856
v[7,12,23] 26.3831
v[7,12,38] 34.0916
v[7,13,11] 4.38394
v[7,13,23] 1.24123e-12
v[7,13,24] 31.0804
v[7,13,36] 27.8412
v[7,13,39] 23.5517
v[7,14,2] 2.56144
v[7,14,5] 4.63837
v[7,14,11] 4.21168
v[7,14,25] 25.6217
v[7,14,40] 22.6282
v[7,14,41] 24.7664
v[7,14,42] 19.8888
v[7,15,3] 4.97809
v[7,15,7] 3.00231
v[7,15,11] 7.82057
v[7,15,12] 11.7883
v[7,15,25] 1
v[7,15,26] 11.1746
v[7,15,37] 1
v[7,15,38] 10.0422
v[7,15,41] 12.1678
v[7,16,4] 0.460471
v[7,16,5] 4.52258
v[7,16,7] 6.36163
v[7,16,14] 2.17835
v[7,16,16] 6.35552
v[7,16,27] 10.3068
v[7,16,39] 11.4905
v[7,16,42] 10.852
v[7,17,4] 8
v[7,17,6] 3.60202
v[7,17,9] 8.99769
v[7,17,10] 11.063
v[7,17,13] 7.17943
v[7,17,28] 9.97723
v[7,17,40] 11.8834
v[7,18,2] 4.85372
v[7,18,8] 8.51833
v[7,18,11] 1.93702
v[7,18,18] 9.75053
v[7,18,29] 10.6525
v[7,19,5] 7
v[7,19,8] 0.875398
v[7,19,9] 1.48167
v[7,19,13] 4.83106
v[7,19,17] 10.4377
v[7,19,19] 10.3254
v[7,19,30] 10.6007
v[7,20,2] 3
v[7,20,3] 4
v[7,20,14] 8.16894
v[7,20,15] 9.8755
v[7,20,31] 11.5786
v[7,21,2] 3
v[7,21,5] 0.146278
v[7,21,6] 6
v[7,21,16] 4.1245
v[7,21,20] 10.8723
v[7,21,21] 12.7419
v[7,21,22] 9.72312
v[7,21,23] 11.4146
v[7,21,24] 9.35686
v[7,21,25] 8.17333
v[7,21,32] 8.73908
v[7,21,33] 10.223
v[7,21,34] 9.83093
v[7,21,35] 8.27415
v[7,21,36] 11.8909
v[7,21,37] 9.74509
v[8,1,1] 58.9559
v[8,1,2] 72.5687
v[8,1,3] 3.84773
v[8,1,5] 22.7267
v[8,1,8] 11.808
v[8,1,11] 102.51
v[8,1,12] 8.37907
v[8,1,13] 96.5283
v[8,1,14] 79.8852
v[8,1,15] 101.718
v[8,1,16] 58.2465
v[8,1,17] 27.4502
v[8,1,18] 13.907
v[8,1,19] 31.2615
v[8,1,20] 87.9078
v[8,1,22] 85.9376
v[8,1,23] 79.3739
v[8,1,25] 77.3142
v[8,1,26] 97.6885
v[8,1,27] 33.8407
v[8,1,29] 31.3651
v[8,1,30] 39.7004
v[8,1,31] 93.8368
v[8,1,32] 20.2822
v[8,1,34] 81.1128
v[8,1,36] 84.9124
v[8,1,37] 16.1974
v[8,1,38] 71.5824
v[8,1,39] 69.2189
v[8,1,40] 76.3301
v[8,1,41] 100.93
v[8,1,42] 1
v[8,2,1] 24.364
v[8,2,3] 77.5907
v[8,2,4] 95.9905
v[8,2,5] 51.5177
v[8,2,6] 81.424
v[8,2,7] 82.4363
v[8,2,8] 71.6567
v[8,2,9] 75.7641
v[8,2,10] 80.8523
v[8,2,12] 55.4138
v[8,2,16] 45.5812
v[8,2,17] 45.5996
v[8,2,18] 75.8192
v[8,2,19] 57.6437
v[8,2,21] 81.8878
v[8,2,24] 77.0362
v[8,2,27] 53.0341
v[8,2,28] 80.2588
v[8,2,29] 67.023
v[8,2,30] 46.0094
v[8,2,32] 60.793
v[8,2,33] 93.0034
v[8,2,35] 93.7836
v[8,2,37] 60.7063
v[8,2,42] 91.1728
v[8,3,2] 28.636
v[8,3,3] 30.9991
v[8,3,4] 30.8415
v[8,3,5] 28.5216
v[8,3,6] 35.9703
v[8,3,7] 32.8317
v[8,3,8] 29.6424
v[8,3,9] 28.2646
v[8,3,10] 35.0358
v[8,3,11] 30.6692
v[8,3,12] 24.4764
v[8,3,13] 29.5994
v[8,3,14] 34.3566
v[8,3,15] 33.6212
v[8,3,16] 34.9478
v[8,3,17] 29.753
v[8,3,18] 32.8198
v[8,3,19] 30.3112
v[8,3,20] 34.3188
v[8,3,21] 31.6153
v[8,3,22] 34.6562
v[8,3,23] 29.331
v[8,3,24] 30.4404
v[8,3,25] 31.1716
v[8,3,26] 27.4687
v[8,3,27] 29.6322
v[8,3,28] 31.6453
v[8,3,29] 32.1396
v[8,3,30] 32.5786
v[8,3,31] 35.0239
v[8,3,32] 28.6776
v[8,3,33] 28.6927
v[8,3,34] 31.1836
v[8,3,35] 26.8831
v[8,3,36] 29.4148
v[8,3,37] 34.9651
v[8,3,38] 31.4162
v[8,3,39] 37.53
v[8,3,40] 28.6487
v[8,3,41] 32.4792
v[8,3,42] 36.0946
v[9,1,1] 60.7684
v[9,1,3] 97.0757
v[9,1,12] 1
v[9,1,14] 1
v[9,1,15] 121.149
v[9,1,21] 95.1768
v[9,1,25] 101.624
v[9,1,28] 89.9514
v[9,1,35] 86.6041
v[9,1,39] 88.3147
v[9,1,42] 1
v[9,2,4] 110.828
v[9,2,7] 86.7096
v[9,2,9] 94.8057
v[9,2,12] 95.0752
v[9,2,14] 100.338
v[9,2,19] 104.526
v[9,2,22] 71.0604
v[9,2,26] 97.5161
v[9,2,29] 94.1221
v[9,2,32] 70.0864
v[9,2,36] 85.2405
v[9,2,40] 75.6643
v[9,3,2] 15.7473
v[9,3,5] 89.1476
v[9,3,8] 92.6532
v[9,3,10] 95.7412
v[9,3,13] 90.1297
v[9,3,17] 77.5207
v[9,3,20] 94.3588
v[9,3,23] 82.5799
v[9,3,27] 91.1769
v[9,3,30] 95.5854
v[9,3,33] 94.255
v[9,3,37] 101.691
v[9,3,41] 97.8991
v[9,4,1] 32.6156
v[9,4,2] 85
v[9,4,3] 15.3397
v[9,4,5] 1
v[9,4,6] 93.929
v[9,4,11] 102.499
v[9,4,16] 90.1468
v[9,4,18] 91.7812
v[9,4,24] 85.1503
v[9,4,31] 86.7462
v[9,4,34] 96.1508
v[9,4,38] 79.7364
v[9,4,42] 93.1319
v[9,5,4] 36.621
v[9,5,7] 40.3684
v[9,5,9] 1
v[9,5,10] 43.3949
v[9,5,11] 1
v[9,5,12] 41.3424
v[9,5,14] 1
v[9,5,15] 33.491
v[9,5,17] 33.6524
v[9,5,19] 35.2404
v[9,5,21] 1
v[9,5,22] 37.1116
v[9,5,24] 1
v[9,5,25] 39.9302
v[9,5,28] 1
v[9,5,29] 37.2893
v[9,5,31] 1
v[9,5,32] 39.9077
v[9,5,34] 1
v[9,5,35] 38.0495
v[9,5,37] 38.8593
v[9,5,38] 1
v[9,5,39] 43.1965
v[9,5,42] 1
v[9,6,2] 47.161
v[9,6,3] 35.3844
v[9,6,5] 34.292
v[9,6,6] 39.2594
v[9,6,8] 39.1154
v[9,6,9] 27.6966
v[9,6,11] 34.6574
v[9,6,13] 31.2669
v[9,6,14] 32.9837
v[9,6,16] 40.2021
v[9,6,18] 36.7019
v[9,6,20] 37.2056
v[9,6,21] 34.0172
v[9,6,23] 33.5976
v[9,6,24] 38.0591
v[9,6,26] 35.7195
v[9,6,27] 38.732
v[9,6,28] 26.4671
v[9,6,30] 39.3326
v[9,6,31] 35.5193
v[9,6,33] 40.21
v[9,6,34] 29.9333
v[9,6,36] 35.0512
v[9,6,37] 1
v[9,6,38] 32.187
v[9,6,40] 31.6133
v[9,6,41] 33.497
v[9,6,42] 31.2542
v[10,1,6] 19.2155
v[10,1,9] 15.3647
v[10,1,12] 20.7618
v[10,1,17] 21.0314
v[10,1,22] 17.8061
v[10,1,26] 17.3611
v[10,1,31] 20.326
v[10,1,34] 15.9366
v[10,1,38] 20.1917
v[10,1,42] 1
v[10,2,1] 14.1836
v[10,2,2] 20.4058
v[10,2,3] 16.588
v[10,2,4] 18.0466
v[10,2,5] 17.3571
v[10,2,7] 19.4051
v[10,2,8] 18.6847
v[10,2,10] 16.4679
v[10,2,11] 17.8202
v[10,2,13] 17.308
v[10,2,14] 16.4273
v[10,2,15] 17.8147
v[10,2,16] 18.8565
v[10,2,18] 18.2678
v[10,2,19] 15.0411
v[10,2,20] 14.3552
v[10,2,21] 19.807
v[10,2,23] 19.504
v[10,2,24] 16.5029
v[10,2,25] 15.7348
v[10,2,27] 16.782
v[10,2,28] 16.6155
v[10,2,29] 15.4519
v[10,2,30] 15.9
v[10,2,32] 17.3537
v[10,2,33] 20.8454
v[10,2,35] 17.9117
v[10,2,36] 21.0445
v[10,2,37] 16.205
v[10,2,39] 13.5469
v[10,2,40] 18.6785
v[10,2,41] 17.2792
v[10,2,42] 14.7942
v[10,3,2] 5.63874
v[10,3,3] 6.62257
v[10,3,4] 6.61354
v[10,3,5] 6.92325
v[10,3,6] 8.16344
v[10,3,7] 7.27142
v[10,3,8] 6.40212
v[10,3,9] 6.70132
v[10,3,10] 5.94127
v[10,3,11] 7.84622
v[10,3,12] 7.71803
v[10,3,13] 6.86899
v[10,3,14] 7.74625
v[10,3,15] 7.02643
v[10,3,16] 6.25384
v[10,3,17] 5.68535
v[10,3,18] 7.30272
v[10,3,19] 6.96935
v[10,3,20] 8.03842
v[10,3,21] 6.44723
v[10,3,22] 6.43216
v[10,3,23] 5.14018
v[10,3,24] 7.781
v[10,3,25] 8.17085
v[10,3,26] 6.59156
v[10,3,27] 7.57927
v[10,3,28] 5.7721
v[10,3,29] 7.3758
v[10,3,30] 7.60641
v[10,3,31] 6.24567
v[10,3,32] 6.64838
v[10,3,33] 6.58445
v[10,3,34] 6.03511
v[10,3,35] 6.65175
v[10,3,36] 6.41343
v[10,3,37] 7.98527
v[10,3,38] 6.54863
v[10,3,39] 6.95794
v[10,3,40] 8.17769
v[10,3,41] 7.37937
v[10,3,42] 6.28408
v[11,1,1] 34.8873
v[11,1,2] 38.5133
v[11,1,3] 31.6546
v[11,1,4] 40.3899
v[11,1,5] 38.1202
v[11,1,6] 37.3898
v[11,1,7] 35.0086
v[11,1,8] 40.8101
v[11,1,9] 35.7133
v[11,1,10] 35.6577
v[11,1,11] 29.2087
v[11,1,12] 37.4926
v[11,1,13] 33.5319
v[11,1,14] 29.6307
v[11,1,15] 35.378
v[11,1,16] 41.2221
v[11,1,17] 39.9991
v[11,1,18] 35.3336
v[11,1,19] 46.5632
v[11,1,20] 37.0951
v[11,1,21] 36.0151
v[11,1,22] 39.1061
v[11,1,23] 31.3619
v[11,1,24] 36.9936
v[11,1,25] 36.3964
v[11,1,26] 41.099
v[11,1,27] 48.4728
v[11,1,28] 31.911
v[11,1,29] 33.8818
v[11,1,30] 31.2446
v[11,1,31] 41.3283
v[11,1,32] 37.7107
v[11,1,33] 36.149
v[11,1,34] 41.5939
v[11,1,35] 37.4757
v[11,1,36] 33.2617
v[11,1,37] 39.3247
v[11,1,38] 41.4864
v[11,1,39] 34.4903
v[11,1,40] 44.5169
v[11,1,41] 35.3322
v[11,1,42] 40.9619
v[11,2,19] 7.18477
v[11,2,20] 7.17113
v[11,2,25] 7.16354
v[11,2,27] 7.5786
v[11,2,34] 6.8737
v[11,2,41] 7.19355
v[11,3,15] 6.29333
v[11,3,21] 7.84002
v[11,3,26] 8.31007
v[11,3,33] 6.84465
v[11,4,2] 7.46202
v[11,4,36] 8.38065
v[11,4,42] 7.36147
v[11,5,4] 7.23192
v[11,5,22] 6.01019
v[11,5,23] 7.08804
v[11,5,28] 7.66965
v[11,6,16] 9.52409e-11
v[11,6,24] 7.04695
v[11,6,29] 7.75174
v[11,6,30] 7.47106
v[11,6,31] 6.27166
v[11,6,32] 6.67322
v[11,8,5] 5.32043
v[11,8,16] 4.95726
v[11,9,3] 7.02258
v[11,9,6] 6.73264
v[11,9,8] 7.58484
v[11,10,7] 6.18689
v[11,10,9] 7.30573
v[11,10,17] 5.65012
v[11,11,5] 0.91577
v[11,12,10] 7.13979
v[11,12,35] 7.73834
v[11,14,11] 6.5091
v[11,14,12] 6.48392
v[11,14,13] 0.623967
v[11,14,18] 7.60696
v[11,14,37] 7.57259
v[11,14,39] 7.97266
v[11,15,12] 1.25093
v[11,15,13] 6.91427
v[11,15,14] 7.25354
v[11,15,16] 1.71652
v[11,15,38] 7.61424
v[11,15,40] 7.81948
v[12,1,3] 1.06575e-11
v[12,1,4] 43.3841
v[12,1,6] 7.03686e-12
v[12,1,7] 43.6837
v[12,1,8] 2.61196e-11
v[12,1,10] 33.0592
v[12,1,11] 2.03286e-11
v[12,1,12] 5.73026e-12
v[12,1,13] 42.1097
v[12,1,14] 1.63026e-11
v[12,1,16] 41.2112
v[12,1,19] 40.8862
v[12,1,22] 40.6604
v[12,1,25] 43.8442
v[12,1,28] 45.5503
v[12,1,31] 35.3712
v[12,1,34] 32.5139
v[12,1,37] 38.6607
v[12,1,40] 43.4676
v[12,1,42] 1
v[12,2,1] 35.1579
v[12,2,4] 8.21966e-12
v[12,2,5] 37.3555
v[12,2,7] 1.38189e-11
v[12,2,8] 35.1751
v[12,2,9] 3.07594e-11
v[12,2,11] 40.6054
v[12,2,12] 1.46063e-11
v[12,2,13] 6.02858e-12
v[12,2,14] 49.997
v[12,2,17] 39.6938
v[12,2,20] 40.9297
v[12,2,23] 30.8262
v[12,2,25] 8.32569e-12
v[12,2,26] 32.3763
v[12,2,29] 36.932
v[12,2,32] 36.8196
v[12,2,35] 40.5652
v[12,2,38] 35.8743
v[12,2,41] 39.6489
v[12,3,2] 42.8635
v[12,3,3] 41.9811
v[12,3,5] 7.05824e-12
v[12,3,6] 39.6653
v[12,3,7] 1.80489e-11
v[12,3,9] 40.6361
v[12,3,10] 2.56719e-11
v[12,3,12] 33.5954
v[12,3,13] 1.82965e-11
v[12,3,14] 4.82385e-12
v[12,3,15] 42.1764
v[12,3,16] 8.69612e-12
v[12,3,18] 40.2311
v[12,3,21] 36.6219
v[12,3,22] 5.96856e-12
v[12,3,24] 40.0416
v[12,3,26] 5.57013e-12
v[12,3,27] 36.219
v[12,3,30] 36.3482
v[12,3,33] 33.6325
v[12,3,36] 37.8395
v[12,3,39] 44.6116
v[12,3,42] 38.4613
v[12,4,2] 17.5144
v[12,4,3] 11.1595
v[12,4,4] 16.3367
v[12,4,5] 15.5631
v[12,4,6] 18.5508
v[12,4,7] 18.0994
v[12,4,8] 18.2928
v[12,4,9] 16.8338
v[12,4,10] 15.2441
v[12,4,11] 16.9365
v[12,4,12] 15.2423
v[12,4,13] 16.9631
v[12,4,14] 15.8999
v[12,4,15] 16.0276
v[12,4,16] 15.4054
v[12,4,17] 15.044
v[12,4,18] 16.0398
v[12,4,19] 15.6498
v[12,4,20] 14.6597
v[12,4,21] 15.4918
v[12,4,22] 17.1353
v[12,4,23] 17.9856
v[12,4,24] 15.8546
v[12,4,25] 15.0974
v[12,4,26] 14.5342
v[12,4,27] 14.7623
v[12,4,28] 18.5098
v[12,4,29] 17.4122
v[12,4,30] 13.1768
v[12,4,31] 16.5898
v[12,4,32] 16.7102
v[12,4,33] 16.4657
v[12,4,34] 14.2475
v[12,4,35] 15.7064
v[12,4,36] 18.6442
v[12,4,37] 17.4293
v[12,4,38] 16.5259
v[12,4,39] 16.0766
v[12,4,40] 17.1909
v[12,4,41] 20.8125
v[12,4,42] 14.8395
w[1,1] 987.514
w[1,8] 356.694
w[1,15] 582.355
w[1,22] 899.089
w[1,31] 777.018
w[2,1] 134.363
w[2,4] 316.968
w[2,7] 295.242
w[2,10] 323.788
w[2,13] 324.871
w[2,16] 314.709
w[2,19] 320.27
w[2,22] 311.18
w[2,25] 274.455
w[2,27] 226.468
w[2,29] 263.122
w[2,32] 285.782
w[2,34] 242.606
w[2,37] 308.914
w[2,40] 219.375
w[3,1] 119.907
w[3,3] 123.472
w[3,5] 120.598
w[3,7] 128.423
w[3,9] 123.374
w[3,11] 125.139
w[3,13] 134.145
w[3,15] 124.526
w[3,17] 123.024
w[3,19] 127.394
w[3,21] 113.38
w[3,23] 112.357
w[3,25] 119.071
w[3,27] 120.46
w[3,29] 120.415
w[3,31] 120.967
w[3,33] 116.284
w[3,35] 125.763
w[3,37] 116.963
w[3,39] 111.827
w[3,41] 90.1192
w[4,1] 112.441
w[4,4] 222.679
w[4,7] 216.204
w[4,9] 157.181
w[4,12] 233.039
w[4,15] 232.049
w[4,18] 231.581
w[4,21] 213.056
w[4,24] 193.089
w[4,26] 174.361
w[4,29] 218.807
w[4,32] 218.502
w[4,35] 218.109
w[4,38] 199.052
w[4,40] 121.9
w[5,1] 57.8613
w[5,2] 53.0527
w[5,3] 52.3582
w[5,4] 52.5925
w[5,5] 54.3796
w[5,6] 47.7889
w[5,7] 54.7123
w[5,8] 52.6311
w[5,9] 60.5056
w[5,10] 61.5776
w[5,11] 48.7475
w[5,12] 51.369
w[5,13] 45.8411
w[5,14] 51.7009
w[5,15] 48.0085
w[5,16] 54.8471
w[5,17] 50.0039
w[5,18] 47.4525
w[5,19] 50.3306
w[5,20] 52.5713
w[5,21] 58.8583
w[5,22] 53.516
w[5,23] 57.0925
w[5,24] 58.4943
w[5,25] 40.5338
w[5,26] 55.8523
w[5,27] 58.351
w[5,28] 55.9382
w[5,29] 57.2827
w[5,30] 50.1967
w[5,31] 55.8718
w[5,32] 53.6894
w[5,33] 56.595
w[5,34] 63.2234
w[5,35] 59.5127
w[5,36] 51.773
w[5,37] 50.8587
w[5,38] 56.147
w[5,39] 47.6126
w[5,40] 52.4361
w[5,41] 51.4079
w[5,42] 43.5897
w[6,1] 451.891
w[6,6] 534.265
w[6,14] 639.657
w[6,20] 604.626
w[6,32] 490.284
w[7,1] 342.976
w[7,12] 482.356
w[7,24] 165.793
w[7,27] 329.313
w[8,1] 89.955
w[8,2] 181.001
w[8,3] 128.36
w[8,4] 87.4879
w[8,5] 136.982
w[8,6] 112.079
w[8,7] 99.9213
w[8,8] 122.608
w[8,9] 135.998
w[8,11] 187.524
w[8,12] 42.7357
w[8,13] 130.15
w[8,14] 114.833
w[8,15] 177.052
w[8,16] 136.666
w[8,17] 133.581
w[8,18] 105.87
w[8,19] 62.8768
w[8,20] 204.452
w[8,21] 29.331
w[8,22] 116.378
w[8,23] 215.05
w[8,25] 106.946
w[8,26] 182.368
w[8,27] 146.239
w[8,28] 99.6016
w[8,29] 112.398
w[8,30] 68.378
w[8,31] 183.322
w[8,32] 171.352
w[8,34] 204.311
w[8,35] 34.9651
w[8,36] 177.035
w[8,37] 53.7274
w[8,38] 100.231
w[8,39] 101.698
w[8,40] 112.425
w[8,41] 193.103
w[9,1] 101.028
w[9,3] 499.16
w[9,6] 258.415
w[9,8] 399.639
w[9,11] 259.898
w[9,13] 261.839
w[9,15] 397.915
w[9,18] 308.653
w[9,21] 475.816
w[9,25] 403.458
w[9,28] 477.456
w[9,31] 334.593
w[9,33] 72.0464
w[9,35] 493.833
w[9,39] 356.01
w[10,1] 107.992
w[10,6] 76.3501
w[10,9] 72.0861
w[10,12] 125.183
w[10,17] 121.53
w[10,22] 99.6705
w[10,26] 115.759
w[10,31] 77.7964
w[10,34] 99.003
w[10,38] 107.332
w[11,1] 34.8873
w[11,2] 71.8844
w[11,4] 40.3899
w[11,5] 45.7272
w[11,6] 37.3898
w[11,7] 35.0086
w[11,8] 46.4602
w[11,9] 40.6706
w[11,10] 64.8664
w[11,11] 9.57596e-11
w[11,12] 37.4926
w[11,13] 69.4559
w[11,15] 35.378
w[11,16] 41.2221
w[11,17] 39.9991
w[11,18] 48.5285
w[11,19] 75.7093
w[11,20] 37.0951
w[11,21] 36.0151
w[11,22] 70.468
w[11,24] 90.8138
w[11,25] 43.8674
w[11,26] 70.7414
w[11,27] 87.0571
w[11,29] 65.1265
w[11,31] 48.173
w[11,32] 37.7107
w[11,33] 51.4033
w[11,34] 41.5939
w[11,35] 70.7374
w[11,37] 39.3247
w[11,38] 41.4864
w[11,39] 41.8518
w[11,40] 51.7104
w[11,41] 35.3322
w[11,42] 40.9619
w[12,1] 92.4316
w[12,3] 3.18078e-11
w[12,4] 173.631
w[12,5] 3.10247e-11
w[12,6] 2.96983e-11
w[12,7] 166.918
w[12,8] 1.18238e-10
w[12,9] 1.31126e-12
w[12,10] 156.15
w[12,11] 7.28564e-11
w[12,12] 2.58407e-11
w[12,13] 180.772
w[12,14] 2.97732e-11
w[12,16] 166.937
w[12,19] 169.413
w[12,20] 4.1881e-11
w[12,22] 155.922
w[12,24] 2.25453e-11
w[12,25] 161.538
w[12,28] 168.596
w[12,31] 154.421
w[12,34] 160.95
w[12,37] 171.989
w[12,40] 122.578
r[1,1] 8
r[1,2] 8
r[1,3] 8
r[1,4] 6
r[1,5] 6
r[1,6] 6
r[1,7] 6
r[1,8] 6
r[1,9] 6
r[1,10] 5
r[1,11] 5
r[1,12] 8
r[1,13] 9
r[1,14] 4
r[1,15] 5
r[1,16] 5
r[1,17] 5
r[1,18] 4
r[1,19] 4
r[1,20] 4
r[1,21] 3
r[1,22] 6
r[1,23] 6
r[1,24] 6
r[1,25] 5
r[1,26] 5
r[1,27] 5
r[1,28] 4
r[1,29] 3
r[1,30] 2
r[1,31] 6
r[1,32] 6
r[1,33] 5
r[1,34] 5
r[1,35] 5
r[1,36] 3
r[1,37] 3
r[1,38] 2
r[1,39] 2
r[1,40] 2
r[1,41] 1
r[1,42] 1
r[2,1] 3
r[2,2] 2
r[2,3] 1
r[2,4] 2
r[2,5] 7
r[2,6] 1
r[2,7] 2
r[2,8] 5
r[2,9] 1
r[2,10] 5
r[2,11] 5
r[2,12] 1
r[2,13] 4
r[2,14] 2
r[2,15] 5
r[2,16] 6
r[2,17] 2
r[2,18] 8
r[2,19] 2
r[2,20] 2
r[2,21] 8
r[2,22] 6
r[2,23] 2
r[2,24] 1
r[2,25] 2
r[2,26] 1
r[2,27] 2
r[2,28] 2
r[2,29] 3
r[2,30] 9
r[2,31] 6
r[2,32] 5
r[2,33] 2
r[2,34] 8
r[2,35] 4
r[2,36] 7
r[2,37] 7
r[2,38] 8
r[2,39] 1
r[2,40] 3
r[2,41] 7
r[2,42] 8
r[3,1] 1
r[3,2] 1
r[3,3] 1
r[3,4] 1
r[3,5] 1
r[3,6] 1
r[3,7] 1
r[3,8] 1
r[3,9] 1
r[3,10] 1
r[3,11] 1
r[3,12] 1
r[3,13] 1
r[3,14] 1
r[3,15] 1
r[3,16] 1
r[3,17] 1
r[3,18] 1
r[3,19] 1
r[3,20] 1
r[3,21] 1
r[3,22] 1
r[3,23] 1
r[3,24] 1
r[3,25] 1
r[3,26] 1
r[3,27] 1
r[3,28] 1
r[3,29] 1
r[3,30] 1
r[3,31] 1
r[3,32] 1
r[3,33] 1
r[3,34] 1
r[3,35] 1
r[3,36] 1
r[3,37] 1
r[3,38] 1
r[3,39] 1
r[3,40] 1
r[3,41] 1
r[3,42] 7
r[4,1] 2
r[4,2] 1
r[4,3] 1
r[4,4] 4
r[4,5] 1
r[4,6] 1
r[4,7] 4
r[4,8] 1
r[4,9] 2
r[4,10] 1
r[4,11] 1
r[4,12] 2
r[4,13] 1
r[4,14] 1
r[4,15] 2
r[4,16] 1
r[4,17] 1
r[4,18] 2
r[4,19] 1
r[4,20] 1
r[4,21] 2
r[4,22] 1
r[4,23] 1
r[4,24] 1
r[4,25] 1
r[4,26] 2
r[4,27] 1
r[4,28] 1
r[4,29] 2
r[4,30] 1
r[4,31] 1
r[4,32] 2
r[4,33] 1
r[4,34] 1
r[4,35] 2
r[4,36] 1
r[4,37] 1
r[4,38] 2
r[4,39] 1
r[4,40] 15
r[4,41] 1
r[4,42] 1
r[5,1] 1
r[5,2] 1
r[5,3] 2
r[5,4] 1
r[5,5] 1
r[5,6] 1
r[5,7] 1
r[5,8] 1
r[5,9] 1
r[5,10] 1
r[5,11] 1
r[5,12] 1
r[5,13] 1
r[5,14] 1
r[5,15] 1
r[5,16] 1
r[5,17] 1
r[5,18] 1
r[5,19] 1
r[5,20] 1
r[5,21] 1
r[5,22] 1
r[5,23] 1
r[5,24] 1
r[5,25] 1
r[5,26] 1
r[5,27] 1
r[5,28] 1
r[5,29] 1
r[5,30] 1
r[5,31] 1
r[5,32] 1
r[5,33] 1
r[5,34] 1
r[5,35] 1
r[5,36] 1
r[5,37] 1
r[5,38] 1
r[5,39] 1
r[5,40] 1
r[5,41] 1
r[5,42] 1
r[6,1] 4
r[6,2] 7
r[6,3] 4
r[6,4] 3
r[6,5] 3
r[6,6] 6
r[6,7] 5
r[6,8] 5
r[6,9] 9
r[6,10] 4
r[6,11] 4
r[6,12] 3
r[6,13] 3
r[6,14] 6
r[6,15] 5
r[6,16] 5
r[6,17] 9
r[6,18] 4
r[6,19] 4
r[6,20] 6
r[6,21] 6
r[6,22] 6
r[6,23] 5
r[6,24] 7
r[6,25] 5
r[6,26] 4
r[6,27] 4
r[6,28] 3
r[6,29] 3
r[6,30] 3
r[6,31] 2
r[6,32] 5
r[6,33] 5
r[6,34] 3
r[6,35] 3
r[6,36] 3
r[6,37] 2
r[6,38] 2
r[6,39] 2
r[6,40] 1
r[6,41] 1
r[6,42] 1
r[7,1] 3
r[7,2] 3
r[7,3] 3
r[7,4] 3
r[7,5] 3
r[7,6] 2
r[7,7] 2
r[7,8] 2
r[7,9] 2
r[7,10] 2
r[7,11] 1
r[7,12] 4
r[7,13] 4
r[7,14] 3
r[7,15] 3
r[7,16] 3
r[7,17] 3
r[7,18] 3
r[7,19] 2
r[7,20] 2
r[7,21] 2
r[7,22] 2
r[7,23] 2
r[7,24] 3
r[7,25] 2
r[7,26] 2
r[7,27] 3
r[7,28] 3
r[7,29] 3
r[7,30] 3
r[7,31] 3
r[7,32] 3
r[7,33] 2
r[7,34] 2
r[7,35] 2
r[7,36] 2
r[7,37] 2
r[7,38] 1
r[7,39] 1
r[7,40] 1
r[7,41] 2
r[7,42] 1
r[8,1] 1
r[8,2] 1
r[8,3] 3
r[8,4] 1
r[8,5] 3
r[8,6] 3
r[8,7] 1
r[8,8] 3
r[8,9] 2
r[8,10] 1
r[8,11] 1
r[8,12] 1
r[8,13] 1
r[8,14] 1
r[8,15] 1
r[8,16] 1
r[8,17] 1
r[8,18] 1
r[8,19] 1
r[8,20] 2
r[8,21] 1
r[8,22] 1
r[8,23] 2
r[8,24] 1
r[8,25] 1
r[8,26] 1
r[8,27] 3
r[8,28] 1
r[8,29] 1
r[8,30] 1
r[8,31] 1
r[8,32] 2
r[8,33] 1
r[8,34] 2
r[8,35] 1
r[8,36] 1
r[8,37] 1
r[8,38] 1
r[8,39] 1
r[8,40] 1
r[8,41] 2
r[8,42] 1
r[9,1] 2
r[9,2] 2
r[9,3] 3
r[9,4] 3
r[9,5] 2
r[9,6] 3
r[9,7] 2
r[9,8] 3
r[9,9] 3
r[9,10] 2
r[9,11] 3
r[9,12] 5
r[9,13] 3
r[9,14] 5
r[9,15] 3
r[9,16] 3
r[9,17] 2
r[9,18] 3
r[9,19] 2
r[9,20] 8
r[9,21] 3
r[9,22] 2
r[9,23] 2
r[9,24] 2
r[9,25] 3
r[9,26] 6
r[9,27] 1
r[9,28] 4
r[9,29] 3
r[9,30] 2
r[9,31] 3
r[9,32] 2
r[9,33] 2
r[9,34] 2
r[9,35] 3
r[9,36] 3
r[9,37] 2
r[9,38] 2
r[9,39] 3
r[9,40] 2
r[9,41] 8
r[9,42] 1
r[10,1] 1
r[10,2] 1
r[10,3] 1
r[10,4] 1
r[10,5] 1
r[10,6] 1
r[10,7] 1
r[10,8] 1
r[10,9] 1
r[10,10] 1
r[10,11] 1
r[10,12] 1
r[10,13] 1
r[10,14] 1
r[10,15] 1
r[10,16] 1
r[10,17] 1
r[10,18] 1
r[10,19] 1
r[10,20] 1
r[10,21] 1
r[10,22] 1
r[10,23] 1
r[10,24] 1
r[10,25] 1
r[10,26] 1
r[10,27] 1
r[10,28] 1
r[10,29] 1
r[10,30] 1
r[10,31] 1
r[10,32] 1
r[10,33] 1
r[10,34] 1
r[10,35] 1
r[10,36] 1
r[10,37] 1
r[10,38] 1
r[10,39] 1
r[10,40] 1
r[10,41] 1
r[10,42] 6
r[11,1] 1
r[11,2] 1
r[11,3] 1
r[11,4] 1
r[11,5] 1
r[11,6] 1
r[11,7] 1
r[11,8] 1
r[11,9] 1
r[11,10] 1
r[11,11] 2
r[11,12] 1
r[11,13] 1
r[11,14] 1
r[11,15] 1
r[11,16] 1
r[11,17] 1
r[11,18] 1
r[11,19] 1
r[11,20] 1
r[11,21] 1
r[11,22] 1
r[11,23] 1
r[11,24] 1
r[11,25] 1
r[11,26] 1
r[11,27] 1
r[11,28] 1
r[11,29] 1
r[11,30] 1
r[11,31] 1
r[11,32] 1
r[11,33] 1
r[11,34] 1
r[11,35] 1
r[11,36] 1
r[11,37] 1
r[11,38] 1
r[11,39] 1
r[11,40] 1
r[11,41] 1
r[11,42] 1
r[12,1] 2
r[12,2] 1
r[12,3] 1
r[12,4] 1
r[12,5] 1
r[12,6] 1
r[12,7] 1
r[12,8] 1
r[12,9] 1
r[12,10] 1
r[12,11] 1
r[12,12] 1
r[12,13] 1
r[12,14] 1
r[12,15] 1
r[12,16] 1
r[12,17] 1
r[12,18] 1
r[12,19] 1
r[12,20] 1
r[12,21] 1
r[12,22] 1
r[12,23] 1
r[12,24] 1
r[12,25] 1
r[12,26] 1
r[12,27] 1
r[12,28] 1
r[12,29] 1
r[12,30] 1
r[12,31] 1
r[12,32] 1
r[12,33] 1
r[12,34] 1
r[12,35] 1
r[12,36] 1
r[12,37] 1
r[12,38] 1
r[12,39] 1
r[12,40] 1
r[12,41] 1
r[12,42] 1
R[1,1] 1
R[1,2] 1
R[1,3] 1
R[1,4] 1
R[1,5] 1
R[1,6] 1
R[1,7] 1
R[1,8] 1
R[1,9] 1
R[1,10] 2
R[1,11] 2
R[1,12] 2
R[1,13] 1
R[1,14] 1
R[1,15] 2
R[1,16] 2
R[1,17] 1
R[1,18] 1
R[1,19] 1
R[1,20] 1
R[1,21] 1
R[1,22] 2
R[1,23] 1
R[1,24] 1
R[1,25] 1
R[1,26] 1
R[1,27] 1
R[1,28] 1
R[1,29] 2
R[1,30] 5
R[1,31] 1
R[1,32] 1
R[1,33] 1
R[1,34] 1
R[1,35] 1
R[1,36] 3
R[1,37] 1
R[1,38] 1
R[1,39] 1
R[1,40] 1
R[1,41] 1
R[1,42] 1
R[2,1] 1
R[2,2] 1
R[2,3] 1
R[2,4] 3
R[2,5] 1
R[2,6] 4
R[2,7] 4
R[2,8] 1
R[2,9] 1
R[2,10] 1
R[2,11] 4
R[2,12] 1
R[2,13] 1
R[2,14] 4
R[2,15] 1
R[2,16] 1
R[2,17] 3
R[2,18] 1
R[2,19] 1
R[2,20] 1
R[2,21] 1
R[2,22] 1
R[2,23] 1
R[2,24] 1
R[2,25] 1
R[2,26] 1
R[2,27] 1
R[2,28] 1
R[2,29] 4
R[2,30] 1
R[2,31] 4
R[2,32] 1
R[2,33] 4
R[2,34] 1
R[2,35] 4
R[2,36] 4
R[2,37] 4
R[2,38] 4
R[2,39] 1
R[2,40] 1
R[2,41] 4
R[2,42] 1
R[3,1] 1
R[3,2] 1
R[3,3] 1
R[3,4] 1
R[3,5] 1
R[3,6] 1
R[3,7] 1
R[3,8] 1
R[3,9] 1
R[3,10] 1
R[3,11] 1
R[3,12] 1
R[3,13] 1
R[3,14] 1
R[3,15] 1
R[3,16] 1
R[3,17] 1
R[3,18] 1
R[3,19] 1
R[3,20] 1
R[3,21] 1
R[3,22] 1
R[3,23] 1
R[3,24] 1
R[3,25] 1
R[3,26] 1
R[3,27] 1
R[3,28] 1
R[3,29] 1
R[3,30] 1
R[3,31] 1
R[3,32] 1
R[3,33] 1
R[3,34] 1
R[3,35] 1
R[3,36] 1
R[3,37] 1
R[3,38] 1
R[3,39] 1
R[3,40] 1
R[3,41] 1
R[3,42] 1
R[4,1] 1
R[4,2] 1
R[4,3] 1
R[4,4] 1
R[4,5] 1
R[4,6] 1
R[4,7] 1
R[4,8] 1
R[4,9] 1
R[4,10] 1
R[4,11] 1
R[4,12] 1
R[4,13] 1
R[4,14] 1
R[4,15] 1
R[4,16] 1
R[4,17] 1
R[4,18] 1
R[4,19] 1
R[4,20] 1
R[4,21] 1
R[4,22] 1
R[4,23] 1
R[4,24] 1
R[4,25] 1
R[4,26] 1
R[4,27] 1
R[4,28] 1
R[4,29] 1
R[4,30] 1
R[4,31] 1
R[4,32] 1
R[4,33] 1
R[4,34] 1
R[4,35] 1
R[4,36] 1
R[4,37] 1
R[4,38] 1
R[4,39] 1
R[4,40] 1
R[4,41] 1
R[4,42] 1
R[5,1] 1
R[5,2] 1
R[5,3] 1
R[5,4] 1
R[5,5] 1
R[5,6] 1
R[5,7] 1
R[5,8] 1
R[5,9] 1
R[5,10] 1
R[5,11] 1
R[5,12] 1
R[5,13] 1
R[5,14] 1
R[5,15] 1
R[5,16] 1
R[5,17] 1
R[5,18] 1
R[5,19] 1
R[5,20] 1
R[5,21] 1
R[5,22] 1
R[5,23] 1
R[5,24] 1
R[5,25] 1
R[5,26] 1
R[5,27] 1
R[5,28] 1
R[5,29] 1
R[5,30] 1
R[5,31] 1
R[5,32] 1
R[5,33] 1
R[5,34] 1
R[5,35] 1
R[5,36] 1
R[5,37] 1
R[5,38] 1
R[5,39] 1
R[5,40] 1
R[5,41] 1
R[5,42] 1
R[6,1] 1
R[6,2] 1
R[6,3] 1
R[6,4] 1
R[6,5] 1
R[6,6] 1
R[6,7] 1
R[6,8] 1
R[6,9] 1
R[6,10] 1
R[6,11] 1
R[6,12] 1
R[6,13] 1
R[6,14] 1
R[6,15] 1
R[6,16] 1
R[6,17] 1
R[6,18] 1
R[6,19] 10
R[6,20] 1
R[6,21] 1
R[6,22] 1
R[6,23] 6
R[6,24] 1
R[6,25] 1
R[6,26] 1
R[6,27] 7
R[6,28] 1
R[6,29] 1
R[6,30] 1
R[6,31] 1
R[6,32] 1
R[6,33] 1
R[6,34] 3
R[6,35] 1
R[6,36] 1
R[6,37] 1
R[6,38] 1
R[6,39] 15
R[6,40] 1
R[6,41] 1
R[6,42] 1
R[7,1] 1
R[7,2] 1
R[7,3] 1
R[7,4] 1
R[7,5] 1
R[7,6] 1
R[7,7] 1
R[7,8] 1
R[7,9] 1
R[7,10] 1
R[7,11] 1
R[7,12] 1
R[7,13] 1
R[7,14] 1
R[7,15] 1
R[7,16] 1
R[7,17] 1
R[7,18] 1
R[7,19] 1
R[7,20] 1
R[7,21] 1
R[7,22] 1
R[7,23] 1
R[7,24] 1
R[7,25] 3
R[7,26] 1
R[7,27] 1
R[7,28] 1
R[7,29] 1
R[7,30] 1
R[7,31] 1
R[7,32] 1
R[7,33] 1
R[7,34] 1
R[7,35] 1
R[7,36] 1
R[7,37] 1
R[7,38] 1
R[7,39] 1
R[7,40] 1
R[7,41] 1
R[7,42] 1
R[8,1] 1
R[8,2] 1
R[8,3] 1
R[8,4] 1
R[8,5] 1
R[8,6] 1
R[8,7] 1
R[8,8] 1
R[8,9] 1
R[8,10] 1
R[8,11] 1
R[8,12] 1
R[8,13] 1
R[8,14] 1
R[8,15] 1
R[8,16] 1
R[8,17] 1
R[8,18] 1
R[8,19] 1
R[8,20] 1
R[8,21] 1
R[8,22] 1
R[8,23] 1
R[8,24] 1
R[8,25] 1
R[8,26] 1
R[8,27] 1
R[8,28] 1
R[8,29] 1
R[8,30] 1
R[8,31] 1
R[8,32] 1
R[8,33] 1
R[8,34] 1
R[8,35] 1
R[8,36] 1
R[8,37] 1
R[8,38] 1
R[8,39] 1
R[8,40] 1
R[8,41] 1
R[8,42] 1
R[9,1] 1
R[9,2] 1
R[9,3] 1
R[9,4] 1
R[9,5] 1
R[9,6] 1
R[9,7] 1
R[9,8] 1
R[9,9] 1
R[9,10] 5
R[9,11] 1
R[9,12] 1
R[9,13] 1
R[9,14] 1
R[9,15] 1
R[9,16] 1
R[9,17] 1
R[9,18] 1
R[9,19] 1
R[9,20] 1
R[9,21] 1
R[9,22] 1
R[9,23] 1
R[9,24] 5
R[9,25] 5
R[9,26] 5
R[9,27] 1
R[9,28] 5
R[9,29] 4
R[9,30] 1
R[9,31] 1
R[9,32] 1
R[9,33] 5
R[9,34] 1
R[9,35] 1
R[9,36] 1
R[9,37] 5
R[9,38] 5
R[9,39] 1
R[9,40] 1
R[9,41] 1
R[9,42] 1
R[10,1] 1
R[10,2] 1
R[10,3] 1
R[10,4] 1
R[10,5] 1
R[10,6] 1
R[10,7] 1
R[10,8] 1
R[10,9] 1
R[10,10] 1
R[10,11] 1
R[10,12] 1
R[10,13] 1
R[10,14] 1
R[10,15] 1
R[10,16] 1
R[10,17] 1
R[10,18] 1
R[10,19] 1
R[10,20] 1
R[10,21] 1
R[10,22] 1
R[10,23] 1
R[10,24] 1
R[10,25] 1
R[10,26] 1
R[10,27] 1
R[10,28] 1
R[10,29] 1
R[10,30] 1
R[10,31] 1
R[10,32] 1
R[10,33] 1
R[10,34] 1
R[10,35] 3
R[10,36] 1
R[10,37] 1
R[10,38] 1
R[10,39] 1
R[10,40] 1
R[10,41] 1
R[10,42] 1
R[11,1] 2
R[11,2] 2
R[11,3] 2
R[11,4] 2
R[11,5] 1
R[11,6] 1
R[11,7] 1
R[11,8] 1
R[11,9] 1
R[11,10] 1
R[11,11] 1
R[11,12] 1
R[11,13] 1
R[11,14] 1
R[11,15] 1
R[11,16] 1
R[11,17] 1
R[11,18] 1
R[11,19] 1
R[11,20] 1
R[11,21] 1
R[11,22] 1
R[11,23] 1
R[11,24] 1
R[11,25] 1
R[11,26] 1
R[11,27] 1
R[11,28] 4
R[11,29] 1
R[11,30] 1
R[11,31] 1
R[11,32] 1
R[11,33] 1
R[11,34] 1
R[11,35] 1
R[11,36] 1
R[11,37] 1
R[11,38] 1
R[11,39] 1
R[11,40] 1
R[11,41] 1
R[11,42] 1
R[12,1] 1
R[12,2] 1
R[12,3] 1
R[12,4] 1
R[12,5] 1
R[12,6] 1
R[12,7] 1
R[12,8] 1
R[12,9] 1
R[12,10] 1
R[12,11] 1
R[12,12] 1
R[12,13] 1
R[12,14] 1
R[12,15] 1
R[12,16] 1
R[12,17] 1
R[12,18] 1
R[12,19] 1
R[12,20] 1
R[12,21] 1
R[12,22] 1
R[12,23] 1
R[12,24] 1
R[12,25] 1
R[12,26] 1
R[12,27] 1
R[12,28] 1
R[12,29] 1
R[12,30] 1
R[12,31] 1
R[12,32] 1
R[12,33] 1
R[12,34] 1
R[12,35] 1
R[12,36] 1
R[12,37] 1
R[12,38] 1
R[12,39] 1
R[12,40] 1
R[12,41] 1
R[12,42] 1
b[1,1] 2
b[1,2] 6
b[1,3] 6
b[1,4] 6
b[1,5] 6
b[1,6] 6
b[1,7] 6
b[1,8] 6
b[1,9] 6
b[1,10] 6
b[1,11] 6
b[1,12] 6
b[1,13] 6
b[1,14] 6
b[1,15] 6
b[1,16] 6
b[1,17] 6
b[1,18] 6
b[1,19] 6
b[1,20] 6
b[1,21] 6
b[1,22] 6
b[1,23] 6
b[1,24] 6
b[1,25] 6
b[1,26] 6
b[1,27] 6
b[1,28] 6
b[1,29] 6
b[1,30] 6
b[1,31] 6
b[1,32] 6
b[1,33] 6
b[1,34] 6
b[1,35] 6
b[1,36] 6
b[1,37] 6
b[1,38] 6
b[1,39] 6
b[1,40] 6
b[1,41] 6
b[1,42] 6
b[2,1] 34
b[2,2] 102
b[2,3] 173.129
b[2,4] 256.343
b[2,5] 256.343
b[2,6] 256.343
b[2,7] 256.343
b[2,8] 256.343
b[2,9] 256.343
b[2,10] 256.343
b[2,11] 256.343
b[2,12] 256.343
b[2,13] 256.343
b[2,14] 256.343
b[2,15] 256.343
b[2,16] 256.343
b[2,17] 256.343
b[2,18] 256.343
b[2,19] 256.343
b[2,20] 256.343
b[2,21] 256.343
b[2,22] 256.343
b[2,23] 256.343
b[2,24] 256.343
b[2,25] 256.343
b[2,26] 256.343
b[2,27] 256.343
b[2,28] 256.343
b[2,29] 256.343
b[2,30] 256.343
b[2,31] 256.343
b[2,32] 256.343
b[2,33] 256.343
b[2,34] 256.343
b[2,35] 256.343
b[2,36] 256.343
b[2,37] 256.343
b[2,38] 256.343
b[2,39] 256.343
b[2,40] 256.343
b[2,41] 256.343
b[2,42] 256.343
b[3,1] 5
b[3,2] 16
b[3,3] 16
b[3,4] 16
b[3,5] 16
b[3,6] 16
b[3,7] 16
b[3,8] 16
b[3,9] 16
b[3,10] 16
b[3,11] 16
b[3,12] 16
b[3,13] 16
b[3,14] 16
b[3,15] 16
b[3,16] 16
b[3,17] 16
b[3,18] 16
b[3,19] 16
b[3,20] 16
b[3,21] 16
b[3,22] 16
b[3,23] 16
b[3,24] 16
b[3,25] 16
b[3,26] 16
b[3,27] 16
b[3,28] 16
b[3,29] 16
b[3,30] 16
b[3,31] 16
b[3,32] 16
b[3,33] 16
b[3,34] 16
b[3,35] 16
b[3,36] 16
b[3,37] 16
b[3,38] 16
b[3,39] 16
b[3,40] 16
b[3,41] 16
b[3,42] 16
b[4,1] 22
b[4,2] 66
b[4,3] 71.4937
b[4,4] 71.4937
b[4,5] 71.4937
b[4,6] 71.4937
b[4,7] 71.4937
b[4,8] 71.4937
b[4,9] 71.4937
b[4,10] 71.4937
b[4,11] 71.4937
b[4,12] 71.4937
b[4,13] 71.4937
b[4,14] 71.4937
b[4,15] 71.4937
b[4,16] 71.4937
b[4,17] 71.4937
b[4,18] 71.4937
b[4,19] 71.4937
b[4,20] 71.4937
b[4,21] 71.4937
b[4,22] 71.4937
b[4,23] 71.4937
b[4,24] 71.4937
b[4,25] 71.4937
b[4,26] 71.4937
b[4,27] 71.4937
b[4,28] 71.4937
b[4,29] 71.4937
b[4,30] 71.4937
b[4,31] 71.4937
b[4,32] 71.4937
b[4,33] 71.4937
b[4,34] 71.4937
b[4,35] 71.4937
b[4,36] 71.4937
b[4,37] 71.4937
b[4,38] 71.4937
b[4,39] 71.4937
b[4,40] 71.4937
b[4,41] 71.4937
b[4,42] 71.4937
b[5,1] 87
b[5,2] 261
b[5,3] 261
b[5,4] 261
b[5,5] 261
b[5,6] 261
b[5,7] 261
b[5,8] 261
b[5,9] 261
b[5,10] 261
b[5,11] 261
b[5,12] 261
b[5,13] 261
b[5,14] 261
b[5,15] 261
b[5,16] 261
b[5,17] 261
b[5,18] 261
b[5,19] 261
b[5,20] 261
b[5,21] 261
b[5,22] 261
b[5,23] 261
b[5,24] 261
b[5,25] 261
b[5,26] 261
b[5,27] 261
b[5,28] 261
b[5,29] 261
b[5,30] 261
b[5,31] 261
b[5,32] 261
b[5,33] 261
b[5,34] 261
b[5,35] 261
b[5,36] 261
b[5,37] 261
b[5,38] 261
b[5,39] 261
b[5,40] 261
b[5,41] 261
b[5,42] 261
b[6,1] 1
b[6,2] 3
b[6,3] 3
b[6,4] 3
b[6,5] 3
b[6,6] 3
b[6,7] 3
b[6,8] 3
b[6,9] 3
b[6,10] 3
b[6,11] 3
b[6,12] 3
b[6,13] 3
b[6,14] 3
b[6,15] 3
b[6,16] 3
b[6,17] 3
b[6,18] 3
b[6,19] 3
b[6,20] 3
b[6,21] 3
b[6,22] 3
b[6,23] 3
b[6,24] 3
b[6,25] 3
b[6,26] 3
b[6,27] 3
b[6,28] 3
b[6,29] 3
b[6,30] 3
b[6,31] 3
b[6,32] 3
b[6,33] 3
b[6,34] 3
b[6,35] 3
b[6,36] 3
b[6,37] 3
b[6,38] 3
b[6,39] 3
b[6,40] 3
b[6,41] 3
b[6,42] 3
b[7,1] 1
b[7,2] 3
b[7,3] 3
b[7,4] 3
b[7,5] 3
b[7,6] 3
b[7,7] 3
b[7,8] 3
b[7,9] 3
b[7,10] 3
b[7,11] 3
b[7,12] 3
b[7,13] 3
b[7,14] 3
b[7,15] 3
b[7,16] 3
b[7,17] 3
b[7,18] 3
b[7,19] 3
b[7,20] 3
b[7,21] 3
b[7,22] 3
b[7,23] 3
b[7,24] 3
b[7,25] 3
b[7,26] 3
b[7,27] 3
b[7,28] 3
b[7,29] 3
b[7,30] 3
b[7,31] 3
b[7,32] 3
b[7,33] 3
b[7,34] 3
b[7,35] 3
b[7,36] 3
b[7,37] 3
b[7,38] 3
b[7,39] 3
b[7,40] 3
b[7,41] 3
b[7,42] 3
b[8,1] 18
b[8,2] 53
b[8,3] 53
b[8,4] 53
b[8,5] 53
b[8,6] 53
b[8,7] 53
b[8,8] 53
b[8,9] 53
b[8,10] 53
b[8,11] 53
b[8,12] 53
b[8,13] 53
b[8,14] 53
b[8,15] 53
b[8,16] 53
b[8,17] 53
b[8,18] 53
b[8,19] 53
b[8,20] 53
b[8,21] 53
b[8,22] 53
b[8,23] 53
b[8,24] 53
b[8,25] 53
b[8,26] 53
b[8,27] 53
b[8,28] 53
b[8,29] 53
b[8,30] 53
b[8,31] 53
b[8,32] 53
b[8,33] 53
b[8,34] 53
b[8,35] 53
b[8,36] 53
b[8,37] 53
b[8,38] 53
b[8,39] 53
b[8,40] 53
b[8,41] 53
b[8,42] 53
b[9,1] 17
b[9,2] 51
b[9,3] 54.839
b[9,4] 54.839
b[9,5] 54.839
b[9,6] 54.839
b[9,7] 54.839
b[9,8] 54.839
b[9,9] 54.839
b[9,10] 54.839
b[9,11] 54.839
b[9,12] 54.839
b[9,13] 54.839
b[9,14] 54.839
b[9,15] 54.839
b[9,16] 54.839
b[9,17] 54.839
b[9,18] 54.839
b[9,19] 54.839
b[9,20] 54.839
b[9,21] 54.839
b[9,22] 54.839
b[9,23] 54.839
b[9,24] 54.839
b[9,25] 54.839
b[9,26] 54.839
b[9,27] 54.839
b[9,28] 54.839
b[9,29] 54.839
b[9,30] 54.839
b[9,31] 54.839
b[9,32] 54.839
b[9,33] 54.839
b[9,34] 54.839
b[9,35] 54.839
b[9,36] 54.839
b[9,37] 54.839
b[9,38] 54.839
b[9,39] 54.839
b[9,40] 54.839
b[9,41] 54.839
b[9,42] 54.839
b[10,1] 19
b[10,2] 57
b[10,3] 95.1777
b[10,4] 95.1777
b[10,5] 95.1777
b[10,6] 95.1777
b[10,7] 95.1777
b[10,8] 95.1777
b[10,9] 95.1777
b[10,10] 95.1777
b[10,11] 95.1777
b[10,12] 95.1777
b[10,13] 95.1777
b[10,14] 95.1777
b[10,15] 95.1777
b[10,16] 95.1777
b[10,17] 95.1777
b[10,18] 95.1777
b[10,19] 95.1777
b[10,20] 95.1777
b[10,21] 95.1777
b[10,22] 95.1777
b[10,23] 95.1777
b[10,24] 95.1777
b[10,25] 95.1777
b[10,26] 95.1777
b[10,27] 95.1777
b[10,28] 95.1777
b[10,29] 95.1777
b[10,30] 95.1777
b[10,31] 95.1777
b[10,32] 95.1777
b[10,33] 95.1777
b[10,34] 95.1777
b[10,35] 95.1777
b[10,36] 95.1777
b[10,37] 95.1777
b[10,38] 95.1777
b[10,39] 95.1777
b[10,40] 95.1777
b[10,41] 95.1777
b[10,42] 95.1777
b[11,1] 2
b[11,2] 6
b[11,3] 12
b[11,4] 20
b[11,5] 30
b[11,6] 42
b[11,7] 56
b[11,8] 72
b[11,9] 90
b[11,10] 102.062
b[11,11] 124.062
b[11,12] 148.062
b[11,13] 148.062
b[11,14] 148.062
b[11,15] 148.062
b[11,16] 148.062
b[11,17] 148.062
b[11,18] 148.062
b[11,19] 148.062
b[11,20] 148.062
b[11,21] 148.062
b[11,22] 148.062
b[11,23] 148.062
b[11,24] 148.062
b[11,25] 148.062
b[11,26] 148.062
b[11,27] 148.062
b[11,28] 148.062
b[11,29] 148.062
b[11,30] 148.062
b[11,31] 148.062
b[11,32] 148.062
b[11,33] 148.062
b[11,34] 148.062
b[11,35] 148.062
b[11,36] 148.062
b[11,37] 148.062
b[11,38] 148.062
b[11,39] 148.062
b[11,40] 148.062
b[11,41] 148.062
b[11,42] 148.062
b[12,1] 25
b[12,2] 76
b[12,3] 134.486
b[12,4] 146.305
b[12,5] 146.305
b[12,6] 146.305
b[12,7] 146.305
b[12,8] 146.305
b[12,9] 146.305
b[12,10] 146.305
b[12,11] 146.305
b[12,12] 146.305
b[12,13] 146.305
b[12,14] 146.305
b[12,15] 146.305
b[12,16] 146.305
b[12,17] 146.305
b[12,18] 146.305
b[12,19] 146.305
b[12,20] 146.305
b[12,21] 146.305
b[12,22] 146.305
b[12,23] 146.305
b[12,24] 146.305
b[12,25] 146.305
b[12,26] 146.305
b[12,27] 146.305
b[12,28] 146.305
b[12,29] 146.305
b[12,30] 146.305
b[12,31] 146.305
b[12,32] 146.305
b[12,33] 146.305
b[12,34] 146.305
b[12,35] 146.305
b[12,36] 146.305
b[12,37] 146.305
b[12,38] 146.305
b[12,39] 146.305
b[12,40] 146.305
b[12,41] 146.305
b[12,42] 146.305
e[6,1] 9.09495e-13
e[8,1] 6.82121e-13
e[11,1] 6.82121e-13
Gamma[1,1] 1
Gamma[1,8] 1
Gamma[1,15] 1
Gamma[1,22] 1
Gamma[1,31] 1
Gamma[2,1] 1
Gamma[2,4] 1
Gamma[2,7] 1
Gamma[2,10] 1
Gamma[2,13] 1
Gamma[2,16] 1
Gamma[2,19] 1
Gamma[2,22] 1
Gamma[2,25] 1
Gamma[2,27] 1
Gamma[2,29] 1
Gamma[2,32] 1
Gamma[2,34] 1
Gamma[2,37] 1
Gamma[2,40] 1
Gamma[3,1] 1
Gamma[3,3] 1
Gamma[3,5] 1
Gamma[3,7] 1
Gamma[3,9] 1
Gamma[3,11] 1
Gamma[3,13] 1
Gamma[3,15] 1
Gamma[3,17] 1
Gamma[3,19] 1
Gamma[3,21] 1
Gamma[3,23] 1
Gamma[3,25] 1
Gamma[3,27] 1
Gamma[3,29] 1
Gamma[3,31] 1
Gamma[3,33] 1
Gamma[3,35] 1
Gamma[3,37] 1
Gamma[3,39] 1
Gamma[3,41] 1
Gamma[4,1] 1
Gamma[4,4] 1
Gamma[4,7] 1
Gamma[4,9] 1
Gamma[4,12] 1
Gamma[4,15] 1
Gamma[4,18] 1
Gamma[4,21] 1
Gamma[4,24] 1
Gamma[4,26] 1
Gamma[4,29] 1
Gamma[4,32] 1
Gamma[4,35] 1
Gamma[4,38] 1
Gamma[4,40] 1
Gamma[5,1] 1
Gamma[5,2] 1
Gamma[5,3] 1
Gamma[5,4] 1
Gamma[5,5] 1
Gamma[5,6] 1
Gamma[5,7] 1
Gamma[5,8] 1
Gamma[5,9] 1
Gamma[5,10] 1
Gamma[5,11] 1
Gamma[5,12] 1
Gamma[5,13] 1
Gamma[5,14] 1
Gamma[5,15] 1
Gamma[5,16] 1
Gamma[5,17] 1
Gamma[5,18] 1
Gamma[5,19] 1
Gamma[5,20] 1
Gamma[5,21] 1
Gamma[5,22] 1
Gamma[5,23] 1
Gamma[5,24] 1
Gamma[5,25] 1
Gamma[5,26] 1
Gamma[5,27] 1
Gamma[5,28] 1
Gamma[5,29] 1
Gamma[5,30] 1
Gamma[5,31] 1
Gamma[5,32] 1
Gamma[5,33] 1
Gamma[5,34] 1
Gamma[5,35] 1
Gamma[5,36] 1
Gamma[5,37] 1
Gamma[5,38] 1
Gamma[5,39] 1
Gamma[5,40] 1
Gamma[5,41] 1
Gamma[5,42] 1
Gamma[6,1] 1
Gamma[6,6] 1
Gamma[6,14] 1
Gamma[6,20] 1
Gamma[6,32] 1
Gamma[7,1] 1
Gamma[7,12] 1
Gamma[7,24] 1
Gamma[7,27] 1
Gamma[8,1] 1
Gamma[8,2] 1
Gamma[8,3] 1
Gamma[8,4] 1
Gamma[8,5] 1
Gamma[8,6] 1
Gamma[8,7] 1
Gamma[8,8] 1
Gamma[8,9] 1
Gamma[8,11] 1
Gamma[8,12] 1
Gamma[8,13] 1
Gamma[8,14] 1
Gamma[8,15] 1
Gamma[8,16] 1
Gamma[8,17] 1
Gamma[8,18] 1
Gamma[8,19] 1
Gamma[8,20] 1
Gamma[8,21] 1
Gamma[8,22] 1
Gamma[8,23] 1
Gamma[8,25] 1
Gamma[8,26] 1
Gamma[8,27] 1
Gamma[8,28] 1
Gamma[8,29] 1
Gamma[8,30] 1
Gamma[8,31] 1
Gamma[8,32] 1
Gamma[8,34] 1
Gamma[8,35] 1
Gamma[8,36] 1
Gamma[8,37] 1
Gamma[8,38] 1
Gamma[8,39] 1
Gamma[8,40] 1
Gamma[8,41] 1
Gamma[9,1] 1
Gamma[9,3] 1
Gamma[9,6] 1
Gamma[9,8] 1
Gamma[9,11] 1
Gamma[9,13] 1
Gamma[9,15] 1
Gamma[9,18] 1
Gamma[9,21] 1
Gamma[9,25] 1
Gamma[9,28] 1
Gamma[9,31] 1
Gamma[9,33] 1
Gamma[9,35] 1
Gamma[9,39] 1
Gamma[10,1] 1
Gamma[10,6] 1
Gamma[10,9] 1
Gamma[10,12] 1
Gamma[10,17] 1
Gamma[10,22] 1
Gamma[10,26] 1
Gamma[10,31] 1
Gamma[10,34] 1
Gamma[10,38] 1
Gamma[11,1] 1
Gamma[11,2] 1
Gamma[11,4] 1
Gamma[11,5] 1
Gamma[11,6] 1
Gamma[11,7] 1
Gamma[11,8] 1
Gamma[11,9] 1
Gamma[11,10] 1
Gamma[11,12] 1
Gamma[11,13] 1
Gamma[11,15] 1
Gamma[11,16] 1
Gamma[11,17] 1
Gamma[11,18] 1
Gamma[11,19] 1
Gamma[11,20] 1
Gamma[11,21] 1
Gamma[11,22] 1
Gamma[11,24] 1
Gamma[11,25] 1
Gamma[11,26] 1
Gamma[11,27] 1
Gamma[11,29] 1
Gamma[11,31] 1
Gamma[11,32] 1
Gamma[11,33] 1
Gamma[11,34] 1
Gamma[11,35] 1
Gamma[11,37] 1
Gamma[11,38] 1
Gamma[11,39] 1
Gamma[11,40] 1
Gamma[11,41] 1
Gamma[11,42] 1
Gamma[12,1] 1
Gamma[12,4] 1
Gamma[12,7] 1
Gamma[12,10] 1
Gamma[12,13] 1
Gamma[12,16] 1
Gamma[12,19] 1
Gamma[12,22] 1
Gamma[12,25] 1
Gamma[12,28] 1
Gamma[12,31] 1
Gamma[12,34] 1
Gamma[12,37] 1
Gamma[12,40] 1
Lambda[2] 1
Lambda[3] 1
Lambda[4] 1
Lambda[5] 1
Lambda[6] 1
Lambda[7] 1
Lambda[8] 1
Lambda[9] 1
Lambda[10] 1
Lambda[11] 1
Lambda[12] 1
Lambda[13] 1
Lambda[14] 1
Lambda[15] 1
Lambda[16] 1
Lambda[17] 1
Lambda[18] 1
Lambda[19] 1
Lambda[20] 1
Lambda[21] 1
Lambda[22] 1
Lambda[23] 1
Lambda[24] 1
Lambda[25] 1
Lambda[26] 1
Lambda[27] 1
Lambda[28] 1
Lambda[29] 1
Lambda[30] 1
Lambda[31] 1
Lambda[32] 1
Lambda[33] 1
Lambda[34] 1
Lambda[35] 1
Lambda[36] 1
Lambda[37] 1
Lambda[38] 1
Lambda[39] 1
Lambda[40] 1
Lambda[41] 1
Lambda[42] 1
